scaffold	coordinate	Simple_repeat	Unspecified	sum
ChrIV	50000	0.0	0.92651	0.92651
ChrIV	150000	0.00357	0.41845	0.42202
ChrIV	250000	0.00878	0.4171	0.42588
ChrIV	350000	0.01256281407035176	0.33277386934673364	0.3453366834170854
ChrIV	450000	0.01305050505050505	0.4238585858585859	0.4369090909090909
ChrIV	550000	0.035161616161616165	0.1998080808080808	0.23496969696969697
ChrIV	650000	0.008160804020100502	0.4808341708542714	0.4889949748743719
ChrIV	750000	0.00926	0.18283	0.19209
ChrIV	850000	0.01499	0.10315	0.11814
ChrIV	950000	0.0139	0.15654	0.17044
ChrIV	1050000	0.00633	0.40396	0.41029
ChrIV	1150000	0.01061	0.14296	0.15357
ChrIV	1250000	0.00564	0.27687	0.28251
ChrIV	1350000	0.00655	0.2018	0.20835
ChrIV	1450000	0.0101	0.25564	0.26574
ChrIV	1550000	0.00859	0.29733	0.30592
ChrIV	1650000	0.00881	0.29511	0.30392
ChrIV	1750000	0.01144	0.24026	0.2517
ChrIV	1850000	0.00979	0.38697	0.39676
ChrIV	1950000	0.0066	0.3653	0.3719
ChrIV	2050000	0.00713	0.43886	0.44599
ChrIV	2150000	0.00278	0.84868	0.85146
ChrIV	2250000	0.00168	0.85441	0.85609
ChrIV	2350000	0.00684	0.47032	0.47716
ChrIV	2450000	0.00657	0.39484	0.40141
ChrIV	2550000	0.00751	0.45297	0.46048
ChrIV	2650000	0.023326633165829145	0.7418492462311558	0.765175879396985
ChrIV	2750000	0.0016180904522613065	0.6961306532663316	0.697748743718593
ChrIV	2850000	0.00554	0.58714	0.59268
ChrIV	2950000	0.01271	0.36353	0.37624
ChrIV	3050000	0.00858	0.23666	0.24524
ChrIV	3150000	0.00683	0.38689	0.39372
ChrIV	3250000	0.00467	0.36396	0.36863
ChrIV	3350000	0.00909	0.30385	0.31294
ChrIV	3450000	0.00796	0.39979	0.40775
ChrIV	3550000	0.00383	0.44111	0.44494
ChrIV	3650000	0.0104	0.44227	0.45267
ChrIV	3750000	0.00859	0.24953	0.25812
ChrIV	3850000	0.00772	0.3328	0.34052
ChrIV	3950000	0.01016	0.18706	0.19722
ChrIV	4050000	0.00797	0.30586	0.31383
ChrIV	4150000	0.00707	0.22732	0.23439
ChrIV	4250000	0.0064	0.45786	0.46426
ChrIV	4350000	0.00821	0.33541	0.34362
ChrIV	4450000	0.06944	0.24111	0.31055
ChrIV	4550000	0.00956	0.31348	0.32304
ChrIV	4650000	0.01177	0.23554	0.24731
ChrIV	4750000	0.01214	0.21784	0.22998
ChrIV	4850000	0.00557	0.34933	0.3549
ChrIV	4950000	0.00795	0.26133	0.26928
ChrIV	5050000	0.01121	0.29343	0.30464
ChrIV	5150000	0.0059195979899497484	0.27241206030150755	0.2783316582914573
ChrIV	5250000	0.009165829145728643	0.3277286432160804	0.336894472361809
ChrIV	5350000	0.01063	0.23199	0.24262
ChrIV	5450000	0.01144	0.268	0.27944
ChrIV	5550000	0.00683	0.1933	0.20013
ChrIV	5650000	0.00672	0.32757	0.33429
ChrIV	5750000	0.00484	0.28211	0.28695
ChrIV	5850000	0.0096	0.35754	0.36714
ChrIV	5950000	0.00553	0.27267	0.2782
ChrIV	6050000	0.00503	0.21073	0.21576
ChrIV	6150000	0.01028	0.31553	0.32581
ChrIV	6250000	0.0068	0.26501	0.27181
ChrIV	6350000	0.00615	0.20051	0.20666
ChrIV	6450000	0.0105	0.54691	0.55741
ChrIV	6550000	0.00451	0.2425	0.24701
ChrIV	6650000	0.00651	0.2501	0.25661
ChrIV	6750000	0.00822	0.18921	0.19743
ChrIV	6850000	0.0012	0.33252	0.33372
ChrIV	6950000	0.00147	0.38746	0.38893
ChrIV	7050000	0.00553	0.278	0.28353
ChrIV	7150000	0.00388	0.27512	0.279
ChrIV	7250000	0.00764	0.32528	0.33292
ChrIV	7350000	0.00541	0.52893	0.53434
ChrIV	7450000	0.01565	0.14549	0.16114
ChrIV	7550000	0.00395	0.33636	0.34031
ChrIV	7650000	0.00421	0.64843	0.65264
ChrIV	7750000	0.00651	0.46039	0.4669
ChrIV	7850000	0.00969	0.1803	0.18999
ChrIV	7950000	0.00602	0.29225	0.29827
ChrIV	8050000	0.00546	0.3	0.30546
ChrIV	8150000	0.00951	0.2022	0.21171
ChrIV	8250000	0.00862	0.27771	0.28633
ChrIV	8350000	0.00434	0.3937	0.39804
ChrIV	8450000	0.01377	0.23029	0.24406
ChrIV	8550000	0.00976	0.21306	0.22282
ChrIV	8650000	0.0114	0.21766	0.22906
ChrIV	8750000	0.00561	0.20644	0.21205
ChrIV	8850000	0.00383	0.18179	0.18562
ChrIV	8950000	0.01572	0.29464	0.31036
ChrIV	9050000	0.00609	0.2623	0.26839
ChrIV	9150000	0.00603	0.16696	0.17299
ChrIV	9250000	0.01081	0.15399	0.1648
ChrIV	9350000	0.00812	0.12722	0.13534
ChrIV	9450000	0.00357	0.14738	0.15095
ChrIV	9550000	0.00715	0.26838	0.27553
ChrIV	9650000	0.00665	0.26126	0.26791
ChrIV	9750000	0.0073	0.25747	0.26477
ChrIV	9850000	0.00424	0.24464	0.24888
ChrIV	9950000	0.00442	0.22532	0.22974
ChrIV	10050000	0.00877	0.14043	0.1492
ChrIV	10150000	0.00554	0.25358	0.25912
ChrIV	10250000	0.00379	0.21761	0.2214
ChrIV	10350000	0.0055	0.29827	0.30377
ChrIV	10450000	0.00379	0.2954	0.29919
ChrIV	10550000	0.00623	0.22879	0.23502
ChrIV	10650000	0.00771	0.16596	0.17367
ChrIV	10750000	0.01272	0.37552	0.38824
ChrIV	10850000	0.00486	0.55232	0.55718
ChrIV	10950000	0.00233	0.18816	0.19049
ChrIV	11050000	0.00725	0.14921	0.15646
ChrIV	11150000	0.00479	0.31057	0.31536
ChrIV	11250000	0.01026	0.23582	0.24608
ChrIV	11350000	0.00698	0.1738	0.18078
ChrIV	11450000	0.00559	0.36401	0.3696
ChrIV	11550000	0.00101	0.61976	0.62077
ChrIV	11650000	0.00775	0.17624	0.18399
ChrIV	11750000	0.00335	0.24892	0.25227
ChrIV	11850000	0.00627	0.32767	0.33394
ChrIV	11950000	0.0054	0.22493	0.23033
ChrIV	12050000	0.01022	0.13985	0.15007
ChrIV	12150000	0.00343	0.255	0.25843
ChrIV	12250000	0.00537	0.14537	0.15074
ChrIV	12350000	0.00571	0.18496	0.19067
ChrIV	12450000	0.00812	0.12997	0.13809
ChrIV	12550000	0.00404	0.26596	0.27
ChrIV	12650000	0.00153	0.54055	0.54208
ChrIV	12750000	0.00471	0.25219	0.2569
ChrIV	12850000	0.00651	0.31267	0.31918
ChrIV	12950000	0.01304	0.17029	0.18333
ChrIV	13050000	0.0143	0.18017	0.19447
ChrIV	13150000	0.01737	0.28318	0.30055
ChrIV	13250000	0.00415	0.20477	0.20892
ChrIV	13350000	0.00735	0.1596	0.16695
ChrIV	13450000	0.00967	0.11279	0.12246
ChrIV	13550000	0.00077	0.30785	0.30862
ChrIV	13650000	0.01143	0.29033	0.30176
ChrIV	13750000	0.01826	0.26055	0.27881
ChrIV	13850000	0.01349	0.10807	0.12156
ChrIV	13950000	0.01026	0.0626	0.07286
ChrIV	14050000	0.02233	0.07906	0.10139
ChrIV	14150000	0.00297	0.08739	0.09036
ChrIV	14250000	0.00537	0.19761	0.20298
ChrIV	14350000	0.00657	0.15613	0.1627
ChrIV	14450000	0.00478	0.35623	0.36101
ChrIV	14550000	0.00658	0.43693	0.44351
ChrIV	14650000	0.00995	0.13679	0.14674
ChrIV	14750000	0.00563	0.25671	0.26234
ChrIV	14850000	0.00433	0.28508	0.28941
ChrIV	14950000	0.0057	0.23416	0.23986
ChrIV	15050000	0.00945	0.24853	0.25798
ChrIV	15150000	0.00258	0.3916	0.39418
ChrIV	15250000	0.00558	0.19264	0.19822
ChrIV	15350000	0.00771	0.22013	0.22784
ChrIV	15450000	0.00467	0.13162	0.13629
ChrIV	15550000	0.01228	0.14837	0.16065
ChrIV	15650000	0.00886	0.14833	0.15719
ChrIV	15750000	0.00898	0.20915	0.21813
ChrIV	15850000	0.00493	0.1696	0.17453
ChrIV	15950000	0.00883	0.34356	0.35239
ChrIV	16050000	0.00882	0.46097	0.46979
ChrIV	16150000	0.00681	0.218	0.22481
ChrIV	16250000	0.00767	0.37954	0.38721
ChrIV	16350000	0.003608040201005025	0.7584522613065326	0.7620603015075377
ChrIV	16450000	0.01212	0.37599	0.38811
ChrIV	16550000	0.00969	0.19865	0.20834
ChrIV	16650000	0.00588	0.09014	0.09602
ChrIV	16750000	0.00994	0.16695	0.17689
ChrIV	16850000	0.0189	0.08356	0.10246
ChrIV	16950000	0.01379	0.07827	0.09206
ChrIV	17050000	0.01004	0.24259	0.25263
ChrIV	17150000	0.01182	0.0803	0.09212
ChrIV	17250000	0.02155	0.21535	0.2369
ChrIV	17350000	0.02437	0.10835	0.13272
ChrIV	17450000	0.02432	0.03627	0.06059
ChrIV	17550000	0.02823	0.06451	0.09274
ChrIV	17650000	0.06341	0.29208	0.35549
ChrIV	17750000	0.02243	0.04262	0.06505
ChrIV	17850000	0.03279	0.05469	0.08748
ChrIV	17950000	0.02454	0.17928	0.20382
ChrIV	18050000	0.00063	0.8367	0.83733
ChrIV	18150000	0.04479	0.21719	0.26198
ChrIV	18250000	0.05849	0.02305	0.08154
ChrIV	18350000	0.0449	0.02681	0.07171
ChrIV	18450000	0.02221	0.13042	0.15263
ChrIV	18550000	0.03053	0.11907	0.1496
ChrIV	18650000	0.02707	0.23144	0.25851
ChrIV	18750000	0.03555	0.22682	0.26237
ChrIV	18850000	0.01085	0.51256	0.52341
ChrIV	18950000	0.05717	0.07167	0.12884
ChrIV	19050000	0.02999	0.05816	0.08815
ChrIV	19150000	0.03133	0.20105	0.23238
ChrIV	19250000	0.005266331658291457	0.8880502512562815	0.8933165829145728
ChrIV	19350000	0.01491	0.43602	0.45093
ChrIV	19450000	0.02148	0.20717	0.22865
ChrIV	19550000	0.01401	0.39117	0.40518
ChrIV	19650000	0.0099	0.56962	0.57952
ChrIV	19750000	0.014854271356783919	0.3455577889447236	0.3604120603015075
ChrIV	19850000	0.02156	0.11543	0.13699
ChrIV	19950000	0.00778	0.89319	0.90097
ChrIV	20050000	0.0634	0.12978	0.19318
ChrIV	20150000	0.05345	0.13828	0.19173
ChrIV	20250000	0.05041	0.13834	0.18875
ChrIV	20350000	0.01626	0.22906	0.24532
ChrIV	20450000	0.00293	0.69301	0.69594
ChrIV	20550000	0.00668	0.66533	0.67201
ChrIV	20650000	0.00957	0.61886	0.62843
ChrIV	20750000	0.00522	0.60174	0.60696
ChrIV	20850000	0.00581	0.63443	0.64024
ChrIV	20950000	0.00591	0.66352	0.66943
ChrIV	21050000	0.00459	0.82118	0.82577
ChrIV	21150000	0.00662	0.74998	0.7566
ChrIV	21250000	0.00756	0.64725	0.65481
ChrIV	21350000	0.00741	0.69693	0.70434
ChrIV	21450000	0.011	0.39973	0.41073
ChrIV	21550000	0.00732	0.62437	0.63169
ChrIV	21650000	0.03812	0.21444	0.25256
ChrIV	21750000	0.01239	0.30208	0.31447
ChrIV	21850000	0.02645	0.25513	0.28158
ChrIV	21950000	0.01814	0.34727	0.36541
ChrIV	22050000	0.00611	0.43716	0.44327
ChrIV	22150000	0.00859	0.44315	0.45174
ChrIV	22250000	0.02018	0.27656	0.29674
ChrIV	22350000	0.01933	0.23008	0.24941
ChrIV	22450000	0.04455	0.12025	0.1648
ChrIV	22550000	0.04665	0.02766	0.07431
ChrIV	22650000	0.06024	0.12979	0.19003
ChrIV	22750000	0.04901	0.07499	0.124
ChrIV	22850000	0.04836	0.06101	0.10937
ChrIV	22950000	0.02901	0.24605	0.27506
ChrIV	23050000	0.01412	0.26207	0.27619
ChrIV	23150000	0.0628	0.07291	0.13571
ChrIV	23250000	0.0335	0.05229	0.08579
ChrIV	23350000	0.03122	0.17788	0.2091
ChrIV	23450000	0.02221	0.05257	0.07478
ChrIV	23550000	0.04359	0.04404	0.08763
ChrIV	23650000	0.0404	0.01929	0.05969
ChrIV	23750000	0.02486	0.10029	0.12515
ChrIV	23850000	0.02645	0.19516	0.22161
ChrIV	23950000	0.02805	0.02782	0.05587
ChrIV	24050000	0.01127	0.28905	0.30032
ChrIV	24150000	0.03805	0.06466	0.10271
ChrIV	24250000	0.00992	0.61818	0.6281
ChrIV	24350000	0.01483	0.23185	0.24668
ChrIV	24450000	0.02606	0.10214	0.1282
ChrIV	24550000	0.03075	0.10955	0.1403
ChrIV	24650000	0.02651	0.11429	0.1408
ChrIV	24750000	0.01665	0.04931	0.06596
ChrIV	24850000	0.0262	0.06838	0.09458
ChrIV	24950000	0.01197	0.2418	0.25377
ChrIV	25050000	0.00985929648241206	0.5943316582914573	0.6041909547738693
ChrIV	25150000	0.02008	0.09018	0.11026
ChrIV	25250000	0.0157	0.13542	0.15112
ChrIV	25350000	0.01684	0.16661	0.18345
ChrIV	25450000	0.01492	0.16043	0.17535
ChrIV	25550000	0.01084	0.29206	0.3029
ChrIV	25650000	0.0159	0.08989	0.10579
ChrIV	25750000	0.00744	0.14912	0.15656
ChrIV	25850000	0.01911	0.25833	0.27744
ChrIV	25950000	0.01276	0.10116	0.11392
ChrIV	26050000	0.0152	0.25951	0.27471
ChrIV	26150000	0.01262	0.11939	0.13201
ChrIV	26250000	0.00977	0.37537	0.38514
ChrIV	26350000	0.00841	0.52289	0.5313
ChrIV	26450000	0.01249	0.14373	0.15622
ChrIV	26550000	0.01041	0.20256	0.21297
ChrIV	26650000	0.01304	0.10991	0.12295
ChrIV	26750000	0.00721	0.34305	0.35026
ChrIV	26850000	0.02571	0.12936	0.15507
ChrIV	26950000	0.01162	0.20097	0.21259
ChrIV	27050000	0.01041	0.23111	0.24152
ChrIV	27150000	0.00961	0.47041	0.48002
ChrIV	27250000	0.0163	0.34282	0.35912
ChrIV	27350000	0.02487	0.20431	0.22918
ChrIV	27450000	0.00851	0.21057	0.21908
ChrIV	27550000	0.02141	0.15435	0.17576
ChrIV	27650000	0.01612	0.23745	0.25357
ChrIV	27750000	0.02606	0.13428	0.16034
ChrIV	27850000	0.01485	0.20656	0.22141
ChrIV	27950000	0.00933	0.19188	0.20121
ChrIV	28050000	0.00723	0.14673	0.15396
ChrIV	28150000	0.01333	0.12063	0.13396
ChrIV	28250000	0.02241	0.11097	0.13338
ChrIV	28350000	0.01298	0.27882	0.2918
ChrIV	28450000	0.01342	0.16336	0.17678
ChrIV	28550000	0.00915	0.23808	0.24723
ChrIV	28650000	0.00991	0.14323	0.15314
ChrIV	28750000	0.00696	0.16892	0.17588
ChrIV	28850000	0.01961	0.15509	0.1747
ChrIV	28950000	0.00528	0.37034	0.37562
ChrIV	29050000	0.00461	0.46825	0.47286
ChrIV	29150000	0.0133	0.34771	0.36101
ChrIV	29250000	0.01412	0.24214	0.25626
ChrIV	29350000	0.0084	0.37067	0.37907
ChrIV	29450000	0.05731	0.3446	0.40191
ChrIV	29550000	0.01042	0.20733	0.21775
ChrIV	29650000	0.01201	0.1849	0.19691
ChrIV	29750000	0.01682	0.22307	0.23989
ChrIV	29850000	0.01148	0.16241	0.17389
ChrIV	29950000	0.00889	0.24507	0.25396
ChrIV	30050000	0.0024	0.57848	0.58088
ChrIV	30150000	0.02299	0.13788	0.16087
ChrIV	30250000	0.02705	0.12284	0.14989
ChrIV	30350000	0.01406	0.31929	0.33335
ChrIV	30450000	0.00702	0.1604	0.16742
ChrIV	30550000	0.01275	0.30914	0.32189
ChrIV	30650000	0.02181	0.16108	0.18289
ChrIV	30750000	0.00807	0.37328	0.38135
ChrIV	30850000	0.01355	0.3026	0.31615
ChrIV	30950000	0.00633	0.40272	0.40905
ChrIV	31050000	0.01102	0.28216	0.29318
ChrIV	31150000	0.00762	0.56689	0.57451
ChrIV	31250000	0.02311	0.28306	0.30617
ChrIV	31350000	0.01729	0.26121	0.2785
ChrIV	31450000	0.00756	0.27063	0.27819
ChrIV	31550000	0.02321	0.15396	0.17717
ChrIV	31650000	0.01343	0.2258	0.23923
ChrIV	31750000	0.00707	0.27431	0.28138
ChrIV	31850000	0.01121	0.35843	0.36964
ChrIV	31950000	0.01463	0.22933	0.24396
ChrIV	32050000	0.02082	0.20739	0.22821
ChrIV	32150000	0.02768	0.24271	0.27039
ChrIV	32250000	0.0285	0.20532	0.23382
ChrIV	32350000	0.01114	0.36911	0.38025
ChrIV	32450000	0.01178894472361809	0.21580904522613065	0.22759798994974875
ChrIV	32550000	0.00213	0.38436	0.38649
ChrIV	32650000	0.0085	0.55426	0.56276
ChrIV	32750000	0.03159	0.23245	0.26404
ChrIV	32850000	0.00529	0.80348	0.80877
ChrIV	32950000	0.01705	0.35361	0.37066
ChrIV	33050000	0.01321	0.24258	0.25579
ChrIV	33150000	0.01475	0.19898	0.21373
ChrIV	33250000	0.01112	0.45182	0.46294
ChrIV	33350000	0.0004120603015075377	0.7602010050251257	0.7606130653266332
ChrIV	33450000	0.03692	0.84787	0.88479
ChrIV	33550000	0.1102	0.23941	0.34961
ChrIV	33650000	0.00512	0.73803	0.74315
ChrIV	33750000	0.01123	0.26186	0.27309
ChrIV	33850000	0.01011	0.25075	0.26086
ChrIV	33950000	0.01638	0.34881	0.36519
ChrIV	34050000	0.0204	0.39461	0.41501
ChrIV	34150000	0.00991	0.37944	0.38935
ChrIV	34250000	0.02381	0.17929	0.2031
ChrIV	34350000	0.0308	0.63504	0.66584
ChrIV	34450000	0.01136	0.3704	0.38176
ChrIV	34550000	0.007608040201005025	0.09362814070351759	0.10123618090452262
ChrIV	34650000	0.00506	0.19391	0.19897
ChrIV	34750000	0.01031	0.16766	0.17797
ChrIV	34850000	0.01106	0.51105	0.52211
ChrIV	34950000	0.01655	0.24519	0.26174
ChrIV	35050000	0.01714	0.15568	0.17282
ChrIV	35150000	0.01302	0.21388	0.2269
ChrIV	35250000	0.02269	0.1172	0.13989
ChrIV	35350000	0.00552	0.30491	0.31043
ChrIV	35450000	0.01830150753768844	0.21128643216080403	0.22958793969849245
ChrIV	35550000	0.01969849246231156	0.3283115577889447	0.3480100502512563
ChrIV	35650000	0.00231	0.56967	0.57198
ChrIV	35750000	0.00396	0.81547	0.81943
ChrIV	35808455	0.008337768316480398	0.8149725031044882	0.8233102714209686
ChrX	50000	0.02433	0.23913	0.26346
ChrX	150000	0.01422	0.19466	0.20888
ChrX	250000	0.03476	0.15965	0.19441
ChrX	350000	0.02296	0.1987	0.22166
ChrX	450000	0.03704	0.14876	0.1858
ChrX	550000	0.01604	0.2259	0.24194
ChrX	650000	0.01605	0.21246	0.22851
ChrX	750000	0.01473	0.29186	0.30659
ChrX	850000	0.02659	0.12428	0.15087
ChrX	950000	0.0131	0.25107	0.26417
ChrX	1050000	0.04116	0.66104	0.7022
ChrX	1150000	0.02411	0.21775	0.24186
ChrX	1250000	0.01978	0.23466	0.25444
ChrX	1350000	0.01947	0.28995	0.30942
ChrX	1450000	0.01724	0.21917	0.23641
ChrX	1550000	0.0255	0.22952	0.25502
ChrX	1650000	0.02773	0.15239	0.18012
ChrX	1750000	0.01474	0.40648	0.42122
ChrX	1850000	0.00749	0.26959	0.27708
ChrX	1950000	0.01382	0.60741	0.62123
ChrX	2050000	0.01255	0.50159	0.51414
ChrX	2150000	0.02294	0.20687	0.22981
ChrX	2250000	0.01767	0.30716	0.32483
ChrX	2350000	0.01823	0.41905	0.43728
ChrX	2450000	0.02193	0.33393	0.35586
ChrX	2550000	0.02287	0.28449	0.30736
ChrX	2650000	0.10292	0.25769	0.36061
ChrX	2750000	0.0171	0.36147	0.37857
ChrX	2850000	0.00549	0.80374	0.80923
ChrX	2950000	0.01926	0.41068	0.42994
ChrX	3050000	0.00982	0.35405	0.36387
ChrX	3150000	0.01421	0.30192	0.31613
ChrX	3250000	0.01375	0.26515	0.2789
ChrX	3350000	0.02518	0.33221	0.35739
ChrX	3450000	0.01065	0.39642	0.40707
ChrX	3550000	0.05114572864321608	0.44444221105527637	0.49558793969849246
ChrX	3650000	0.02816	0.25284	0.281
ChrX	3750000	0.01128	0.36103	0.37231
ChrX	3850000	0.01301	0.27583	0.28884
ChrX	3950000	0.02111	0.29394	0.31505
ChrX	4050000	0.02296	0.21075	0.23371
ChrX	4150000	0.01642	0.16942	0.18584
ChrX	4250000	0.01083	0.58289	0.59372
ChrX	4350000	0.01424	0.23707	0.25131
ChrX	4450000	0.01519	0.33571	0.3509
ChrX	4550000	0.00858	0.54687	0.55545
ChrX	4650000	0.03722	0.13365	0.17087
ChrX	4750000	0.02307	0.19894	0.22201
ChrX	4850000	0.01515	0.20613	0.22128
ChrX	4950000	0.02541	0.11147	0.13688
ChrX	5050000	0.02319	0.10798	0.13117
ChrX	5150000	0.02576	0.1419	0.16766
ChrX	5250000	0.01996	0.23628	0.25624
ChrX	5350000	0.02018	0.12631	0.14649
ChrX	5450000	0.00979	0.4652	0.47499
ChrX	5550000	0.01149	0.56079	0.57228
ChrX	5650000	0.00793	0.49641	0.50434
ChrX	5750000	0.03173	0.11772	0.14945
ChrX	5850000	0.02416	0.12825	0.15241
ChrX	5950000	0.02261	0.26447	0.28708
ChrX	6050000	0.0149	0.13985	0.15475
ChrX	6150000	0.02155	0.23426	0.25581
ChrX	6250000	0.01799	0.10337	0.12136
ChrX	6350000	0.01114	0.13112	0.14226
ChrX	6450000	0.00983	0.28737	0.2972
ChrX	6550000	0.00522	0.73926	0.74448
ChrX	6650000	0.01765	0.33545	0.3531
ChrX	6750000	0.01319	0.10138	0.11457
ChrX	6850000	0.02258	0.0688	0.09138
ChrX	6950000	0.03217	0.36601	0.39818
ChrX	7050000	0.0132	0.28151	0.29471
ChrX	7150000	0.01959	0.06867	0.08826
ChrX	7250000	0.02267	0.3035	0.32617
ChrX	7350000	0.05151	0.11238	0.16389
ChrX	7450000	0.02555	0.38791	0.41346
ChrX	7550000	0.01323	0.20008	0.21331
ChrX	7650000	0.01895	0.59139	0.61034
ChrX	7750000	0.02828	0.12546	0.15374
ChrX	7850000	0.01533	0.30795	0.32328
ChrX	7950000	0.01717	0.58711	0.60428
ChrX	8050000	0.01593	0.08044	0.09637
ChrX	8150000	0.01187	0.38657	0.39844
ChrX	8250000	0.02073	0.13104	0.15177
ChrX	8350000	0.01614	0.32569	0.34183
ChrX	8450000	0.019	0.1802	0.1992
ChrX	8550000	0.02355	0.11331	0.13686
ChrX	8650000	0.02101	0.09129	0.1123
ChrX	8750000	0.021	0.06583	0.08683
ChrX	8850000	0.01919	0.30135	0.32054
ChrX	8950000	0.02182	0.34102	0.36284
ChrX	9050000	0.01838	0.18742	0.2058
ChrX	9150000	0.02048	0.19073	0.21121
ChrX	9250000	0.02928	0.06221	0.09149
ChrX	9350000	0.02655	0.06896	0.09551
ChrX	9450000	0.04136	0.1515	0.19286
ChrX	9550000	0.01662	0.34292	0.35954
ChrX	9650000	0.03873	0.05496	0.09369
ChrX	9750000	0.05403	0.02764	0.08167
ChrX	9850000	0.04517	0.06183	0.107
ChrX	9950000	0.02159	0.24921	0.2708
ChrX	10050000	0.02292	0.17904	0.20196
ChrX	10150000	0.02712	0.14609	0.17321
ChrX	10250000	0.01894	0.13498	0.15392
ChrX	10350000	0.02202	0.04441	0.06643
ChrX	10450000	0.02557	0.23213	0.2577
ChrX	10550000	0.02626	0.13265	0.15891
ChrX	10650000	0.0146	0.22366	0.23826
ChrX	10750000	0.02792	0.10728	0.1352
ChrX	10850000	0.01763	0.10854	0.12617
ChrX	10950000	0.02079	0.15637	0.17716
ChrX	11050000	0.0184	0.09897	0.11737
ChrX	11150000	0.03238	0.0765	0.10888
ChrX	11250000	0.01501	0.15292	0.16793
ChrX	11350000	0.00832	0.52079	0.52911
ChrX	11450000	0.00513	0.64358	0.64871
ChrX	11550000	0.04063	0.21627	0.2569
ChrX	11650000	0.02863	0.18305	0.21168
ChrX	11750000	0.02276	0.06243	0.08519
ChrX	11850000	0.02381	0.10809	0.1319
ChrX	11950000	0.02901	0.12058	0.14959
ChrX	12050000	0.01356	0.07718	0.09074
ChrX	12150000	0.0326	0.13475	0.16735
ChrX	12250000	0.0169	0.25846	0.27536
ChrX	12350000	0.02787	0.21103	0.2389
ChrX	12450000	0.01839	0.10129	0.11968
ChrX	12550000	0.01284	0.16512	0.17796
ChrX	12650000	0.01671	0.12676	0.14347
ChrX	12750000	0.01715	0.15818	0.17533
ChrX	12850000	0.01007	0.12542	0.13549
ChrX	12950000	0.00897	0.37195	0.38092
ChrX	13050000	0.01707	0.07908	0.09615
ChrX	13150000	0.01057	0.16891	0.17948
ChrX	13250000	0.01226	0.22721	0.23947
ChrX	13350000	0.01371	0.24265	0.25636
ChrX	13450000	0.0121	0.42755	0.43965
ChrX	13550000	0.01488	0.17923	0.19411
ChrX	13650000	0.01485	0.17499	0.18984
ChrX	13750000	0.01696	0.19499	0.21195
ChrX	13850000	0.01815	0.17727	0.19542
ChrX	13950000	0.01209	0.23646	0.24855
ChrX	14050000	0.01965	0.23928	0.25893
ChrX	14150000	0.01234	0.19109	0.20343
ChrX	14250000	0.01562	0.14453	0.16015
ChrX	14350000	0.01423	0.11788	0.13211
ChrX	14450000	0.01722	0.15075	0.16797
ChrX	14550000	0.0205	0.11911	0.13961
ChrX	14650000	0.01727	0.10472	0.12199
ChrX	14750000	0.01366	0.12369	0.13735
ChrX	14850000	0.03072	0.16444	0.19516
ChrX	14950000	0.00891	0.13484	0.14375
ChrX	15050000	0.0154	0.27062	0.28602
ChrX	15150000	0.01684	0.09986	0.1167
ChrX	15250000	0.02574	0.12884	0.15458
ChrX	15350000	0.01767	0.13756	0.15523
ChrX	15450000	0.02929	0.10974	0.13903
ChrX	15550000	0.0226	0.16499	0.18759
ChrX	15650000	0.02575	0.21584	0.24159
ChrX	15750000	0.02208	0.16783	0.18991
ChrX	15850000	0.01093	0.10759	0.11852
ChrX	15950000	0.03682	0.26042	0.29724
ChrX	16050000	0.01497	0.23458	0.24955
ChrX	16150000	0.01524	0.13031	0.14555
ChrX	16250000	0.00997	0.16614	0.17611
ChrX	16350000	0.01445	0.53687	0.55132
ChrX	16450000	0.0153	0.1601	0.1754
ChrX	16550000	0.01794	0.22381	0.24175
ChrX	16650000	0.01995	0.23203	0.25198
ChrX	16750000	0.01198	0.27436	0.28634
ChrX	16850000	0.02368	0.24195	0.26563
ChrX	16950000	0.02189	0.17044	0.19233
ChrX	17050000	0.01534	0.19322	0.20856
ChrX	17150000	0.01524	0.36939	0.38463
ChrX	17250000	0.01337	0.20586	0.21923
ChrX	17350000	0.01516	0.1931	0.20826
ChrX	17450000	0.02426	0.24646	0.27072
ChrX	17550000	0.0216	0.21562	0.23722
ChrX	17650000	0.01947	0.20293	0.2224
ChrX	17750000	0.02274	0.16942	0.19216
ChrX	17850000	0.02063	0.13941	0.16004
ChrX	17950000	0.01881	0.17289	0.1917
ChrX	18050000	0.01781	0.1393	0.15711
ChrX	18150000	0.01299	0.17572	0.18871
ChrX	18250000	0.0112	0.2523	0.2635
ChrX	18350000	0.00905	0.23091	0.23996
ChrX	18450000	0.01357	0.1097	0.12327
ChrX	18550000	0.02147	0.28778	0.30925
ChrX	18650000	0.01279	0.37204	0.38483
ChrX	18750000	0.01428	0.1395	0.15378
ChrX	18850000	0.01791	0.22743	0.24534
ChrX	18950000	0.0149	0.26884	0.28374
ChrX	19050000	0.01045	0.18704	0.19749
ChrX	19150000	0.01077	0.25107	0.26184
ChrX	19250000	0.022	0.25295	0.27495
ChrX	19350000	0.01467	0.26924	0.28391
ChrX	19450000	0.01794	0.46727	0.48521
ChrX	19550000	0.01218	0.46239	0.47457
ChrX	19650000	0.0166	0.16463	0.18123
ChrX	19750000	0.01623	0.15872	0.17495
ChrX	19850000	0.00686	0.25756	0.26442
ChrX	19950000	0.01036	0.38311	0.39347
ChrX	20050000	0.00956	0.24596	0.25552
ChrX	20150000	0.00857	0.13855	0.14712
ChrX	20250000	0.01291	0.0861	0.09901
ChrX	20350000	0.01436	0.06717	0.08153
ChrX	20450000	0.00843	0.15109	0.15952
ChrX	20550000	0.01743	0.2074	0.22483
ChrX	20650000	0.01177	0.07714	0.08891
ChrX	20750000	0.01064	0.21784	0.22848
ChrX	20850000	0.00821	0.19595	0.20416
ChrX	20950000	0.00798	0.25136	0.25934
ChrX	21050000	0.00881	0.11463	0.12344
ChrX	21150000	0.01247	0.12874	0.14121
ChrX	21250000	0.02213	0.10014	0.12227
ChrX	21350000	0.01413	0.12607	0.1402
ChrX	21450000	0.01466	0.09492	0.10958
ChrX	21550000	0.01343	0.11311	0.12654
ChrX	21650000	0.011	0.21158	0.22258
ChrX	21750000	0.00787	0.16877	0.17664
ChrX	21850000	0.00861	0.25009	0.2587
ChrX	21950000	0.02386	0.08611	0.10997
ChrX	22050000	0.01617	0.08742	0.10359
ChrX	22150000	0.01957	0.07995	0.09952
ChrX	22250000	0.02558	0.04666	0.07224
ChrX	22350000	0.0162	0.04569	0.06189
ChrX	22450000	0.00647	0.17728	0.18375
ChrX	22550000	0.014	0.11537	0.12937
ChrX	22650000	0.03072	0.05549	0.08621
ChrX	22750000	0.01437	0.03991	0.05428
ChrX	22850000	0.00985	0.08407	0.09392
ChrX	22950000	0.02554	0.02805	0.05359
ChrX	23050000	0.0285	0.08516	0.11366
ChrX	23150000	0.01569	0.07297	0.08866
ChrX	23250000	0.00989	0.111	0.12089
ChrX	23350000	0.01776	0.13305	0.15081
ChrX	23450000	0.01795	0.83771	0.85566
ChrX	23550000	0.02433	0.4741	0.49843
ChrX	23650000	0.01351	0.08879	0.1023
ChrX	23750000	0.02176	0.08926	0.11102
ChrX	23850000	0.03238	0.07297	0.10535
ChrX	23950000	0.03113	0.03911	0.07024
ChrX	24050000	0.01439	0.08017	0.09456
ChrX	24150000	0.01997	0.08231	0.10228
ChrX	24250000	0.01471	0.06967	0.08438
ChrX	24350000	0.00794	0.17905	0.18699
ChrX	24450000	0.01631	0.07494	0.09125
ChrX	24550000	0.01113	0.154	0.16513
ChrX	24650000	0.0087	0.15125	0.15995
ChrX	24750000	0.0116	0.13041	0.14201
ChrX	24850000	0.02748	0.1521	0.17958
ChrX	24950000	0.03372	0.05661	0.09033
ChrX	25050000	0.0317	0.0419	0.0736
ChrX	25150000	0.03054	0.06845	0.09899
ChrX	25250000	0.00767	0.4946	0.50227
ChrX	25350000	0.02614	0.03242	0.05856
ChrX	25450000	0.02741	0.04614	0.07355
ChrX	25550000	0.03407	0.03833	0.0724
ChrX	25650000	0.02001	0.06472	0.08473
ChrX	25750000	0.03057	0.0694	0.09997
ChrX	25850000	0.03092	0.07149	0.10241
ChrX	25950000	0.01728	0.13714	0.15442
ChrX	26050000	0.02853	0.06613	0.09466
ChrX	26150000	0.02666	0.09082	0.11748
ChrX	26250000	0.00949	0.23314	0.24263
ChrX	26350000	0.00809	0.16484	0.17293
ChrX	26450000	0.02168	0.11089	0.13257
ChrX	26550000	0.01757	0.0764	0.09397
ChrX	26650000	0.01473	0.16012	0.17485
ChrX	26750000	0.01792	0.11047	0.12839
ChrX	26850000	0.02019	0.30432	0.32451
ChrX	26950000	0.02656	0.14066	0.16722
ChrX	27050000	0.01605	0.12649	0.14254
ChrX	27150000	0.01635	0.16387	0.18022
ChrX	27250000	0.01467	0.19573	0.2104
ChrX	27350000	0.02567	0.18852	0.21419
ChrX	27450000	0.014020100502512563	0.2528442211055276	0.2668643216080402
ChrX	27550000	0.01427	0.17664	0.19091
ChrX	27650000	0.00955	0.21753	0.22708
ChrX	27750000	0.0172	0.15401	0.17121
ChrX	27850000	0.00671	0.20103	0.20774
ChrX	27950000	0.02232	0.10821	0.13053
ChrX	28050000	0.01665	0.11563	0.13228
ChrX	28150000	0.02367	0.08103	0.1047
ChrX	28250000	0.02282	0.13356	0.15638
ChrX	28350000	0.01227	0.18822	0.20049
ChrX	28450000	0.01594	0.29649	0.31243
ChrX	28550000	0.00659	0.30589	0.31248
ChrX	28650000	0.00792	0.22081	0.22873
ChrX	28750000	0.01827	0.12038	0.13865
ChrX	28850000	0.01073	0.16165	0.17238
ChrX	28950000	0.00355	0.76102	0.76457
ChrX	29050000	0.0008	0.92356	0.92436
ChrX	29150000	0.0	0.99992	0.99992
ChrX	29250000	0.00779	0.41759	0.42538
ChrX	29350000	0.01887	0.19251	0.21138
ChrX	29450000	0.01249	0.20202	0.21451
ChrX	29550000	0.00973	0.20491	0.21464
ChrX	29650000	0.01353	0.16751	0.18104
ChrX	29750000	0.0106	0.19462	0.20522
ChrX	29850000	0.01401	0.18507	0.19908
ChrX	29950000	0.00777	0.30488	0.31265
ChrX	30050000	0.01628	0.10553	0.12181
ChrX	30150000	0.01134	0.24044	0.25178
ChrX	30250000	0.01347	0.20659	0.22006
ChrX	30350000	0.01382	0.07888	0.0927
ChrX	30450000	0.01231	0.06823	0.08054
ChrX	30550000	0.01453	0.12254	0.13707
ChrX	30650000	0.00982	0.15318	0.163
ChrX	30750000	0.01144	0.1355	0.14694
ChrX	30850000	0.00964	0.14377	0.15341
ChrX	30950000	0.02658	0.08699	0.11357
ChrX	31050000	0.01238	0.09873	0.11111
ChrX	31150000	0.01246	0.13456	0.14702
ChrX	31250000	0.01288	0.1524	0.16528
ChrX	31350000	0.00614	0.28797	0.29411
ChrX	31440462	0.0038801838762295487	0.6595818298650585	0.6634620137412881
ChrII	50000	0.008814070351758794	0.5913366834170855	0.6001507537688442
ChrII	150000	0.01593	0.49181	0.50774
ChrII	250000	0.00882	0.76771	0.77653
ChrII	350000	0.03933	0.2405	0.27983
ChrII	450000	0.01686	0.21652	0.23338
ChrII	550000	0.02054	0.2791	0.29964
ChrII	650000	0.00848	0.46645	0.47493
ChrII	750000	0.01392	0.47041	0.48433
ChrII	850000	0.01868	0.11518	0.13386
ChrII	950000	0.01132	0.11954	0.13086
ChrII	1050000	0.01026	0.25532	0.26558
ChrII	1150000	0.01047	0.28413	0.2946
ChrII	1250000	0.009316582914572864	0.5059497487437186	0.5152663316582915
ChrII	1350000	0.01338	0.58956	0.60294
ChrII	1450000	0.01934	0.20208	0.22142
ChrII	1550000	0.02303	0.23642	0.25945
ChrII	1650000	0.01208	0.26807	0.28015
ChrII	1750000	0.01369	0.24734	0.26103
ChrII	1850000	0.01999	0.23012	0.25011
ChrII	1950000	0.02019	0.22811	0.2483
ChrII	2050000	0.0126	0.19075	0.20335
ChrII	2150000	0.0064	0.25668	0.26308
ChrII	2250000	0.01144	0.20025	0.21169
ChrII	2350000	0.01331	0.24636	0.25967
ChrII	2450000	0.00902	0.28922	0.29824
ChrII	2550000	0.02224	0.16314	0.18538
ChrII	2650000	0.02167	0.13071	0.15238
ChrII	2750000	0.02252	0.19679	0.21931
ChrII	2850000	0.01436	0.18501	0.19937
ChrII	2950000	0.01293	0.20196	0.21489
ChrII	3050000	0.02183	0.2932	0.31503
ChrII	3150000	0.00615	0.80978	0.81593
ChrII	3250000	0.01565	0.7069	0.72255
ChrII	3350000	0.01459	0.26982	0.28441
ChrII	3450000	0.01353	0.20879	0.22232
ChrII	3550000	0.0187	0.2176	0.2363
ChrII	3650000	0.0255	0.33229	0.35779
ChrII	3750000	0.01016	0.237	0.24716
ChrII	3850000	0.0061	0.20187	0.20797
ChrII	3950000	0.01204	0.15624	0.16828
ChrII	4050000	0.0106	0.14453	0.15513
ChrII	4150000	0.00995	0.29664	0.30659
ChrII	4250000	0.0139	0.22478	0.23868
ChrII	4350000	0.01369	0.24843	0.26212
ChrII	4450000	0.01877	0.26268	0.28145
ChrII	4550000	0.01073	0.17489	0.18562
ChrII	4650000	0.01184	0.19724	0.20908
ChrII	4750000	0.01068	0.18842	0.1991
ChrII	4850000	0.01151	0.15274	0.16425
ChrII	4950000	0.0139	0.21501	0.22891
ChrII	5050000	0.0164	0.19279	0.20919
ChrII	5150000	0.02015	0.20309	0.22324
ChrII	5250000	0.00702	0.17729	0.18431
ChrII	5350000	0.00378	0.1046	0.10838
ChrII	5450000	0.01016	0.12558	0.13574
ChrII	5550000	0.01042	0.27579	0.28621
ChrII	5650000	0.01819	0.2004	0.21859
ChrII	5750000	0.01331	0.14305	0.15636
ChrII	5850000	0.03626	0.50975	0.54601
ChrII	5950000	0.02151	0.26782	0.28933
ChrII	6050000	0.00924	0.12904	0.13828
ChrII	6150000	0.01417	0.17285	0.18702
ChrII	6250000	0.0136	0.34236	0.35596
ChrII	6350000	0.01971	0.12857	0.14828
ChrII	6450000	0.00964	0.34208	0.35172
ChrII	6550000	0.00391	0.51357	0.51748
ChrII	6650000	0.00764	0.10503	0.11267
ChrII	6750000	0.00806	0.11073	0.11879
ChrII	6850000	0.01565	0.11742	0.13307
ChrII	6950000	0.0099	0.33389	0.34379
ChrII	7050000	0.01544	0.1897	0.20514
ChrII	7150000	0.01281	0.16253	0.17534
ChrII	7250000	0.00652	0.21032	0.21684
ChrII	7350000	0.0107	0.18758	0.19828
ChrII	7450000	0.02285	0.19084	0.21369
ChrII	7550000	0.01702	0.14738	0.1644
ChrII	7650000	0.03693	0.21803	0.25496
ChrII	7750000	0.02247	0.11808	0.14055
ChrII	7850000	0.02092	0.09699	0.11791
ChrII	7950000	0.01901	0.16402	0.18303
ChrII	8050000	0.01519	0.37133	0.38652
ChrII	8150000	0.01757788944723618	0.3535678391959799	0.3711457286432161
ChrII	8250000	0.01078	0.17207	0.18285
ChrII	8350000	0.02177	0.05962	0.08139
ChrII	8450000	0.01336	0.23967	0.25303
ChrII	8550000	0.0223	0.09627	0.11857
ChrII	8650000	0.01996	0.1666	0.18656
ChrII	8750000	0.01566	0.15948	0.17514
ChrII	8850000	0.009618090452261306	0.3634170854271357	0.373035175879397
ChrII	8950000	0.018261306532663318	0.2723718592964824	0.2906331658291457
ChrII	9050000	0.01256	0.18277	0.19533
ChrII	9150000	0.01165	0.12084	0.13249
ChrII	9250000	0.01574	0.09446	0.1102
ChrII	9350000	0.03052	0.10301	0.13353
ChrII	9450000	0.02334	0.05564	0.07898
ChrII	9550000	0.02288	0.04311	0.06599
ChrII	9650000	0.0127	0.17293	0.18563
ChrII	9750000	0.02362	0.13888	0.1625
ChrII	9850000	0.02216	0.21926	0.24142
ChrII	9950000	0.0087	0.21277	0.22147
ChrII	10050000	0.01266	0.05743	0.07009
ChrII	10150000	0.00864	0.32708	0.33572
ChrII	10250000	0.02447	0.06592	0.09039
ChrII	10350000	0.02108	0.04895	0.07003
ChrII	10450000	0.01468	0.10974	0.12442
ChrII	10550000	0.02928	0.21249	0.24177
ChrII	10650000	0.0152	0.05582	0.07102
ChrII	10750000	0.01557	0.17194	0.18751
ChrII	10850000	0.00742	0.2629	0.27032
ChrII	10950000	0.02142	0.09629	0.11771
ChrII	11050000	0.02644	0.05421	0.08065
ChrII	11150000	0.0205	0.09759	0.11809
ChrII	11250000	0.04033	0.35512	0.39545
ChrII	11350000	0.00088	0.77864	0.77952
ChrII	11450000	0.03341	0.16167	0.19508
ChrII	11550000	0.0254	0.02781	0.05321
ChrII	11650000	0.06336	0.03144	0.0948
ChrII	11750000	0.03068	0.04152	0.0722
ChrII	11850000	0.02665	0.09959	0.12624
ChrII	11950000	0.04278	0.02152	0.0643
ChrII	12050000	0.03534	0.04171	0.07705
ChrII	12150000	0.04931	0.11724	0.16655
ChrII	12250000	0.06777	0.03954	0.10731
ChrII	12350000	0.04259	0.07196	0.11455
ChrII	12450000	0.03671	0.04869	0.0854
ChrII	12550000	0.03181	0.04169	0.0735
ChrII	12650000	0.035718592964824124	0.057407035175879396	0.09312562814070352
ChrII	12750000	0.0417	0.05301	0.09471
ChrII	12850000	0.02767	0.23599	0.26366
ChrII	12950000	0.02757	0.23767	0.26524
ChrII	13050000	0.02634	0.10495	0.13129
ChrII	13150000	0.04492	0.09272	0.13764
ChrII	13250000	0.04763	0.06467	0.1123
ChrII	13350000	0.03732663316582915	0.238	0.27532663316582917
ChrII	13450000	0.027306532663316584	0.15943718592964823	0.18674371859296482
ChrII	13550000	0.026898989898989898	0.16294949494949496	0.18984848484848485
ChrII	13650000	0.015809045226130653	0.17725628140703517	0.19306532663316583
ChrII	13750000	0.02408	0.0526	0.07668
ChrII	13850000	0.04972	0.03432	0.08404
ChrII	13950000	0.0403	0.06129	0.10159
ChrII	14050000	0.03345	0.09178	0.12523
ChrII	14150000	0.02762	0.14188	0.1695
ChrII	14250000	0.03025	0.06529	0.09554
ChrII	14350000	0.03603	0.16999	0.20602
ChrII	14450000	0.03268	0.03997	0.07265
ChrII	14550000	0.03212	0.04774	0.07986
ChrII	14650000	0.06248	0.06296	0.12544
ChrII	14750000	0.03661	0.12351	0.16012
ChrII	14850000	0.02368	0.13432	0.158
ChrII	14950000	0.01095	0.62773	0.63868
ChrII	15050000	0.01535	0.08014	0.09549
ChrII	15150000	0.019	0.06468	0.08368
ChrII	15250000	0.02599	0.10113	0.12712
ChrII	15350000	0.01795	0.04935	0.0673
ChrII	15450000	0.01552	0.42038	0.4359
ChrII	15550000	0.03114	0.19486	0.226
ChrII	15650000	0.02722	0.20949	0.23671
ChrII	15750000	0.0154	0.21614	0.23154
ChrII	15850000	0.01116	0.18392	0.19508
ChrII	15950000	0.01923	0.03949	0.05872
ChrII	16050000	0.02112	0.10367	0.12479
ChrII	16150000	0.02972	0.20198	0.2317
ChrII	16250000	0.01481	0.10924	0.12405
ChrII	16350000	0.00883	0.08885	0.09768
ChrII	16450000	0.01651256281407035	0.29885427135678394	0.31536683417085426
ChrII	16550000	0.00548	0.45726	0.46274
ChrII	16650000	0.01732	0.13938	0.1567
ChrII	16750000	0.0193	0.21822	0.23752
ChrII	16850000	0.01411	0.14299	0.1571
ChrII	16950000	0.01205	0.45272	0.46477
ChrII	17050000	0.0071	0.27311	0.28021
ChrII	17150000	0.02192	0.18848	0.2104
ChrII	17250000	0.01359	0.11818	0.13177
ChrII	17350000	0.01847	0.15456	0.17303
ChrII	17450000	0.00972	0.1777	0.18742
ChrII	17550000	0.00938	0.15157	0.16095
ChrII	17650000	0.01215	0.13496	0.14711
ChrII	17750000	0.00739	0.08607	0.09346
ChrII	17850000	0.010221105527638191	0.16008040201005025	0.17030150753768844
ChrII	17950000	0.05878	0.17754	0.23632
ChrII	18050000	0.00887	0.16575	0.17462
ChrII	18150000	0.03033	0.26799	0.29832
ChrII	18250000	0.01295	0.08219	0.09514
ChrII	18350000	0.00978	0.1075	0.11728
ChrII	18450000	0.013889447236180904	0.13469346733668341	0.14858291457286432
ChrII	18550000	0.01883	0.11744	0.13627
ChrII	18650000	0.00581	0.12331	0.12912
ChrII	18750000	0.0071	0.2185	0.2256
ChrII	18850000	0.01549	0.13399	0.14948
ChrII	18950000	0.01381	0.24347	0.25728
ChrII	19050000	0.01261	0.1855	0.19811
ChrII	19150000	0.00955	0.11032	0.11987
ChrII	19250000	0.00962	0.2045	0.21412
ChrII	19350000	0.013628140703517588	0.2498291457286432	0.2634572864321608
ChrII	19450000	0.01463	0.16233	0.17696
ChrII	19550000	0.00617	0.19207	0.19824
ChrII	19650000	0.01339	0.12338	0.13677
ChrII	19750000	0.01415	0.21481	0.22896
ChrII	19850000	0.01793	0.19768	0.21561
ChrII	19950000	0.01148	0.18689	0.19837
ChrII	20050000	0.01204	0.25506	0.2671
ChrII	20150000	0.02485	0.20883	0.23368
ChrII	20250000	0.01308	0.24785	0.26093
ChrII	20350000	0.0073	0.35804	0.36534
ChrII	20450000	0.01932	0.15442	0.17374
ChrII	20550000	0.01196	0.14986	0.16182
ChrII	20650000	0.01453	0.22376	0.23829
ChrII	20750000	0.01098	0.34994	0.36092
ChrII	20850000	0.01582	0.12967	0.14549
ChrII	20950000	0.01774	0.1122	0.12994
ChrII	21050000	0.01524	0.1562	0.17144
ChrII	21150000	0.01077	0.21728	0.22805
ChrII	21250000	0.01446	0.15672	0.17118
ChrII	21350000	0.01804	0.10324	0.12128
ChrII	21450000	0.0119	0.13885	0.15075
ChrII	21550000	0.01363	0.17773	0.19136
ChrII	21650000	0.010793969849246231	0.3355577889447236	0.34635175879396984
ChrII	21750000	0.01931	0.1661	0.18541
ChrII	21850000	0.01956	0.14519	0.16475
ChrII	21950000	0.01579	0.16329	0.17908
ChrII	22050000	0.01498	0.18643	0.20141
ChrII	22150000	0.01244	0.18324	0.19568
ChrII	22250000	0.00805	0.52117	0.52922
ChrII	22350000	0.03352	0.74988	0.7834
ChrII	22450000	0.00142	0.991	0.99242
ChrII	22550000	0.0058190954773869345	0.9106633165829146	0.9164824120603015
ChrII	22650000	0.02378	0.64233	0.66611
ChrII	22750000	0.01285	0.3914	0.40425
ChrII	22850000	0.00929	0.18599	0.19528
ChrII	22950000	0.0167	0.1388	0.1555
ChrII	23050000	0.01081	0.15358	0.16439
ChrII	23150000	0.01571	0.18668	0.20239
ChrII	23250000	0.01248	0.20418	0.21666
ChrII	23350000	0.01577	0.13038	0.14615
ChrII	23450000	0.0092	0.35206	0.36126
ChrII	23550000	0.0203	0.18979	0.21009
ChrII	23650000	0.01135	0.14306	0.15441
ChrII	23750000	0.01648	0.24425	0.26073
ChrII	23850000	0.00918	0.35344	0.36262
ChrII	23950000	0.01061	0.19989	0.2105
ChrII	24050000	0.0166	0.12768	0.14428
ChrII	24150000	0.00929	0.23102	0.24031
ChrII	24250000	0.01433	0.16081	0.17514
ChrII	24350000	0.0181	0.24686	0.26496
ChrII	24450000	0.00617	0.50773	0.5139
ChrII	24550000	0.01038	0.07545	0.08583
ChrII	24650000	0.00808	0.18963	0.19771
ChrII	24750000	0.00922	0.08396	0.09318
ChrII	24850000	0.0151	0.19083	0.20593
ChrII	24950000	0.012673366834170854	0.1577286432160804	0.17040201005025127
ChrII	25050000	0.01107	0.17466	0.18573
ChrII	25150000	0.0072261306532663315	0.45218090452261306	0.4594070351758794
ChrII	25250000	0.020040201005025127	0.4201407035175879	0.44018090452261305
ChrII	25350000	0.01842	0.21918	0.2376
ChrII	25450000	0.016181818181818183	0.8442424242424242	0.8604242424242424
ChrII	25505988	0.0	1.0	1.0
ChrV	50000	0.02613	0.37391	0.40004
ChrV	150000	0.01233	0.27233	0.28466
ChrV	250000	0.01994	0.19059	0.21053
ChrV	350000	0.0158	0.15922	0.17502
ChrV	450000	0.0155	0.16214	0.17764
ChrV	550000	0.05803	0.24929	0.30732
ChrV	650000	0.01252	0.20891	0.22143
ChrV	750000	0.0126	0.32155	0.33415
ChrV	850000	0.01836	0.50275	0.52111
ChrV	950000	0.01779	0.31461	0.3324
ChrV	1050000	0.01709	0.25397	0.27106
ChrV	1150000	0.03296	0.22779	0.26075
ChrV	1250000	0.01362	0.20659	0.22021
ChrV	1350000	0.01486	0.25365	0.26851
ChrV	1450000	0.0067	0.2394	0.2461
ChrV	1550000	0.01808	0.23487	0.25295
ChrV	1650000	0.00564	0.29252	0.29816
ChrV	1750000	0.00833	0.21743	0.22576
ChrV	1850000	0.00941	0.1597	0.16911
ChrV	1950000	0.01046	0.15107	0.16153
ChrV	2050000	0.01058	0.64874	0.65932
ChrV	2150000	0.010170854271356784	0.948321608040201	0.9584924623115578
ChrV	2250000	0.01091	0.2535	0.26441
ChrV	2350000	0.01538	0.21931	0.23469
ChrV	2450000	0.03466	0.21438	0.24904
ChrV	2550000	0.02703	0.14411	0.17114
ChrV	2650000	0.01467	0.20409	0.21876
ChrV	2750000	0.02697	0.20423	0.2312
ChrV	2850000	0.04461	0.37885	0.42346
ChrV	2950000	0.10999	0.76153	0.87152
ChrV	3050000	0.01618	0.22981	0.24599
ChrV	3150000	0.01852	0.16336	0.18188
ChrV	3250000	0.01592	0.2761	0.29202
ChrV	3350000	0.02788	0.21335	0.24123
ChrV	3450000	0.01321	0.14487	0.15808
ChrV	3550000	0.00937	0.24828	0.25765
ChrV	3650000	0.01605	0.20697	0.22302
ChrV	3750000	0.00885	0.19324	0.20209
ChrV	3850000	0.01544	0.26909	0.28453
ChrV	3950000	0.01238	0.46016	0.47254
ChrV	4050000	0.01442	0.14961	0.16403
ChrV	4150000	0.02622	0.21364	0.23986
ChrV	4250000	0.04905	0.28021	0.32926
ChrV	4350000	0.01321	0.55744	0.57065
ChrV	4450000	0.01842	0.1707	0.18912
ChrV	4550000	0.04579	0.1765	0.22229
ChrV	4650000	0.02718	0.19822	0.2254
ChrV	4750000	0.02177	0.14125	0.16302
ChrV	4850000	0.01092	0.20605	0.21697
ChrV	4950000	0.00918	0.55919	0.56837
ChrV	5050000	0.00909	0.17108	0.18017
ChrV	5150000	0.02501	0.15332	0.17833
ChrV	5250000	0.01876	0.40815	0.42691
ChrV	5350000	0.00873	0.54417	0.5529
ChrV	5450000	0.00636	0.43021	0.43657
ChrV	5550000	0.01127	0.40349	0.41476
ChrV	5650000	0.007688442211055277	0.46488442211055275	0.47257286432160805
ChrV	5750000	0.01174	0.20679	0.21853
ChrV	5850000	0.01273	0.16815	0.18088
ChrV	5950000	0.00026	0.98903	0.98929
ChrV	6050000	0.00577	0.61134	0.61711
ChrV	6150000	0.01501	0.22866	0.24367
ChrV	6250000	0.00791	0.54491	0.55282
ChrV	6350000	0.01092	0.48229	0.49321
ChrV	6450000	0.01436	0.2726	0.28696
ChrV	6550000	0.0117	0.10515	0.11685
ChrV	6650000	0.02028	0.24492	0.2652
ChrV	6750000	0.01289	0.3535	0.36639
ChrV	6850000	0.00945	0.24926	0.25871
ChrV	6950000	0.01503	0.17585	0.19088
ChrV	7050000	0.00502	0.09735	0.10237
ChrV	7150000	0.00927	0.23477	0.24404
ChrV	7250000	0.01067	0.48753	0.4982
ChrV	7350000	0.00755	0.12423	0.13178
ChrV	7450000	0.00425	0.16961	0.17386
ChrV	7550000	0.02403	0.48567	0.5097
ChrV	7650000	0.0241	0.03827	0.06237
ChrV	7750000	0.01311	0.10425	0.11736
ChrV	7850000	0.01265	0.11988	0.13253
ChrV	7950000	0.0117	0.10077	0.11247
ChrV	8050000	0.01034	0.08639	0.09673
ChrV	8150000	0.01835	0.23283	0.25118
ChrV	8250000	0.01188	0.23681	0.24869
ChrV	8350000	0.01849	0.23084	0.24933
ChrV	8450000	0.014452261306532663	0.24985929648241206	0.2643115577889447
ChrV	8550000	0.02037	0.1955	0.21587
ChrV	8650000	0.0133	0.16939	0.18269
ChrV	8750000	0.01117	0.42322	0.43439
ChrV	8850000	0.02113	0.16494	0.18607
ChrV	8950000	0.02143	0.08423	0.10566
ChrV	9050000	0.01108	0.12525	0.13633
ChrV	9150000	0.01392	0.17495	0.18887
ChrV	9250000	0.03179	0.13766	0.16945
ChrV	9350000	0.02196	0.09724	0.1192
ChrV	9450000	0.0128	0.24572	0.25852
ChrV	9550000	0.04241	0.06277	0.10518
ChrV	9650000	0.04659	0.03272	0.07931
ChrV	9750000	0.03831	0.03395	0.07226
ChrV	9850000	0.02536	0.05928	0.08464
ChrV	9950000	0.07081	0.04333	0.11414
ChrV	10050000	0.0416	0.01518	0.05678
ChrV	10150000	0.02216	0.02704	0.0492
ChrV	10250000	0.02158	0.36301	0.38459
ChrV	10350000	0.06123	0.03666	0.09789
ChrV	10450000	0.04138	0.0166	0.05798
ChrV	10550000	0.05463	0.03597	0.0906
ChrV	10650000	0.03848	0.04948	0.08796
ChrV	10750000	0.04065	0.10037	0.14102
ChrV	10850000	0.05443	0.06234	0.11677
ChrV	10950000	0.0353	0.08568	0.12098
ChrV	11050000	0.04183	0.15737	0.1992
ChrV	11150000	0.03202	0.23086	0.26288
ChrV	11250000	0.04095	0.11738	0.15833
ChrV	11350000	0.02146	0.27391	0.29537
ChrV	11450000	0.02461	0.40081	0.42542
ChrV	11550000	0.03209	0.17436	0.20645
ChrV	11650000	0.01124	0.33703	0.34827
ChrV	11750000	0.00779	0.53988	0.54767
ChrV	11850000	0.00484	0.63865	0.64349
ChrV	11950000	0.00482	0.65908	0.6639
ChrV	12050000	0.00496	0.66289	0.66785
ChrV	12150000	0.00317	0.67026	0.67343
ChrV	12250000	0.00657	0.57269	0.57926
ChrV	12350000	0.00983	0.47712	0.48695
ChrV	12450000	0.00687	0.55733	0.5642
ChrV	12550000	0.0096	0.44026	0.44986
ChrV	12650000	0.01451	0.41631	0.43082
ChrV	12750000	0.01896	0.297	0.31596
ChrV	12850000	0.00912	0.49269	0.50181
ChrV	12950000	0.00995	0.39199	0.40194
ChrV	13050000	0.01151	0.40572	0.41723
ChrV	13150000	0.00905	0.44194	0.45099
ChrV	13250000	0.01563	0.21197	0.2276
ChrV	13350000	0.04032	0.14504	0.18536
ChrV	13450000	0.02868	0.06515	0.09383
ChrV	13550000	0.04173	0.04921	0.09094
ChrV	13650000	0.03331	0.07752	0.11083
ChrV	13750000	0.05005	0.05207	0.10212
ChrV	13850000	0.02066	0.27475	0.29541
ChrV	13950000	0.03857	0.06986	0.10843
ChrV	14050000	0.04635	0.06452	0.11087
ChrV	14150000	0.01503	0.16527	0.1803
ChrV	14250000	0.01657	0.20432	0.22089
ChrV	14350000	0.01615	0.09777	0.11392
ChrV	14450000	0.03015	0.04538	0.07553
ChrV	14550000	0.02182	0.36675	0.38857
ChrV	14650000	0.02381	0.26208	0.28589
ChrV	14750000	0.01923	0.07541	0.09464
ChrV	14850000	0.02233	0.11577	0.1381
ChrV	14950000	0.02103	0.05997	0.081
ChrV	15050000	0.01494	0.08023	0.09517
ChrV	15150000	0.01165	0.15232	0.16397
ChrV	15250000	0.010884422110552764	0.1465527638190955	0.15743718592964825
ChrV	15350000	0.01636180904522613	0.27364824120603015	0.29001005025125626
ChrV	15450000	0.01318	0.1467	0.15988
ChrV	15550000	0.02941	0.08497	0.11438
ChrV	15650000	0.01879	0.06687	0.08566
ChrV	15750000	0.02879	0.12144	0.15023
ChrV	15850000	0.01307	0.09843	0.1115
ChrV	15950000	0.01365	0.2299	0.24355
ChrV	16050000	0.02419	0.08031	0.1045
ChrV	16150000	0.02029	0.18259	0.20288
ChrV	16250000	0.0133	0.11074	0.12404
ChrV	16350000	0.01083	0.1417	0.15253
ChrV	16450000	0.00776	0.11949	0.12725
ChrV	16550000	0.00717	0.48401	0.49118
ChrV	16650000	0.02042	0.15543	0.17585
ChrV	16750000	0.00941	0.68847	0.69788
ChrV	16850000	0.0271	0.10202	0.12912
ChrV	16950000	0.01924	0.16563	0.18487
ChrV	17050000	0.02007	0.1455	0.16557
ChrV	17150000	0.0156	0.10106	0.11666
ChrV	17250000	0.01513	0.15261	0.16774
ChrV	17350000	0.01468	0.08885	0.10353
ChrV	17450000	0.01775	0.14276	0.16051
ChrV	17550000	0.02458	0.10373	0.12831
ChrV	17650000	0.01455	0.18828	0.20283
ChrV	17750000	0.0027738693467336682	0.8212663316582914	0.8240402010050252
ChrV	17850000	0.00133	0.82085	0.82218
ChrV	17950000	0.0234	0.1325	0.1559
ChrV	18050000	0.02315	0.10723	0.13038
ChrV	18150000	0.01073	0.16128	0.17201
ChrV	18250000	0.01233	0.15618	0.16851
ChrV	18350000	0.01643	0.16925	0.18568
ChrV	18450000	0.13345	0.4678	0.60125
ChrV	18550000	0.02084	0.21194	0.23278
ChrV	18650000	0.01734	0.15093	0.16827
ChrV	18750000	0.02199	0.13318	0.15517
ChrV	18850000	0.04151	0.1252	0.16671
ChrV	18950000	0.02451	0.23719	0.2617
ChrV	19050000	0.02451	0.22216	0.24667
ChrV	19150000	0.02721	0.24497	0.27218
ChrV	19250000	0.03344	0.09032	0.12376
ChrV	19350000	0.02427	0.12973	0.154
ChrV	19450000	0.0256	0.22645	0.25205
ChrV	19550000	0.00545	0.33777	0.34322
ChrV	19650000	0.02089	0.27222	0.29311
ChrV	19750000	0.02205	0.32157	0.34362
ChrV	19850000	0.02101	0.13539	0.1564
ChrV	19950000	0.01193	0.23222	0.24415
ChrV	20050000	0.01831	0.13205	0.15036
ChrV	20150000	0.01502	0.14724	0.16226
ChrV	20250000	0.02037	0.22713	0.2475
ChrV	20350000	0.00909	0.19298	0.20207
ChrV	20450000	0.02817	0.29871	0.32688
ChrV	20550000	0.00651	0.6395	0.64601
ChrV	20650000	0.02309	0.0772	0.10029
ChrV	20750000	0.0208	0.15495	0.17575
ChrV	20850000	0.02213	0.22529	0.24742
ChrV	20950000	0.02024	0.18416	0.2044
ChrV	21050000	0.02532	0.29454	0.31986
ChrV	21150000	0.13844	0.57592	0.71436
ChrV	21250000	0.01313	0.23763	0.25076
ChrV	21350000	0.01111	0.28496	0.29607
ChrV	21450000	0.0172	0.19207	0.20927
ChrV	21550000	0.01692	0.14885	0.16577
ChrV	21650000	0.010361809045226131	0.3314371859296482	0.34179899497487437
ChrV	21750000	0.02039	0.23279	0.25318
ChrV	21850000	0.01104	0.38961	0.40065
ChrV	21950000	0.01597	0.31909	0.33506
ChrV	22050000	0.0199	0.24065	0.26055
ChrV	22150000	0.02375	0.11437	0.13812
ChrV	22250000	0.00864321608040201	0.743537688442211	0.7521809045226131
ChrV	22350000	0.01683	0.15384	0.17067
ChrV	22450000	0.02707	0.24184	0.26891
ChrV	22550000	0.0024020100502512563	0.8078793969849246	0.8102814070351759
ChrV	22650000	0.01169	0.50523	0.51692
ChrV	22750000	0.01589	0.28496	0.30085
ChrV	22850000	0.01502	0.15224	0.16726
ChrV	22950000	0.00606	0.55219	0.55825
ChrV	23050000	0.01472	0.44143	0.45615
ChrV	23150000	0.00652	0.76373	0.77025
ChrV	23250000	0.00995	0.58332	0.59327
ChrV	23350000	0.01209	0.33949	0.35158
ChrV	23450000	0.01503	0.3997	0.41473
ChrV	23550000	0.01065	0.39986	0.41051
ChrV	23650000	0.01598	0.20882	0.2248
ChrV	23750000	0.02294	0.15822	0.18116
ChrV	23850000	0.01314	0.12363	0.13677
ChrV	23950000	0.0346	0.69583	0.73043
ChrV	24050000	0.01973	0.1641	0.18383
ChrV	24150000	0.01821	0.10497	0.12318
ChrV	24250000	0.01288	0.30859	0.32147
ChrV	24350000	0.00913	0.30328	0.31241
ChrV	24450000	0.01183	0.14309	0.15492
ChrV	24550000	0.12763819095477386	0.08641206030150754	0.2140502512562814
ChrV	24628722	0.0009922534598311428	0.1521455305074419	0.15313778396727304
ChrIII	50000	0.01195	0.25523	0.26718
ChrIII	150000	0.00741	0.18978	0.19719
ChrIII	250000	0.01007	0.089	0.09907
ChrIII	350000	0.02206	0.0822	0.10426
ChrIII	450000	0.01691	0.10643	0.12334
ChrIII	550000	0.01564	0.17004	0.18568
ChrIII	650000	0.01628	0.28246	0.29874
ChrIII	750000	0.02385	0.28515	0.309
ChrIII	850000	0.01845	0.32069	0.33914
ChrIII	950000	0.06113	0.25851	0.31964
ChrIII	1050000	0.03648	0.49004	0.52652
ChrIII	1150000	0.01076	0.2604	0.27116
ChrIII	1250000	0.02675	0.18842	0.21517
ChrIII	1350000	0.01266	0.25518	0.26784
ChrIII	1450000	0.00954	0.2602	0.26974
ChrIII	1550000	0.01384	0.35106	0.3649
ChrIII	1650000	0.01648	0.16408	0.18056
ChrIII	1750000	0.01239	0.26409	0.27648
ChrIII	1850000	0.018	0.31703	0.33503
ChrIII	1950000	0.01299	0.24242	0.25541
ChrIII	2050000	0.00775	0.70986	0.71761
ChrIII	2150000	0.002050251256281407	0.876251256281407	0.8783015075376884
ChrIII	2250000	0.01374	0.23546	0.2492
ChrIII	2350000	0.01613	0.3449	0.36103
ChrIII	2450000	0.01937	0.22047	0.23984
ChrIII	2550000	0.01761	0.39545	0.41306
ChrIII	2650000	0.01555	0.17751	0.19306
ChrIII	2750000	0.01351	0.30363	0.31714
ChrIII	2850000	0.01618	0.24072	0.2569
ChrIII	2950000	0.01808	0.26411	0.28219
ChrIII	3050000	0.0119	0.26734	0.27924
ChrIII	3150000	0.01177	0.37528	0.38705
ChrIII	3250000	0.04702	0.47216	0.51918
ChrIII	3350000	0.03493	0.52521	0.56014
ChrIII	3450000	0.02369	0.27717	0.30086
ChrIII	3550000	0.03427	0.09459	0.12886
ChrIII	3650000	0.01369	0.19248	0.20617
ChrIII	3750000	0.0118	0.21793	0.22973
ChrIII	3850000	0.0276	0.2145	0.2421
ChrIII	3950000	0.02138	0.26953	0.29091
ChrIII	4050000	0.02179	0.22496	0.24675
ChrIII	4150000	0.03636	0.14151	0.17787
ChrIII	4250000	0.01596	0.30762	0.32358
ChrIII	4350000	0.01895	0.12304	0.14199
ChrIII	4450000	0.01194	0.11974	0.13168
ChrIII	4550000	0.01628	0.20948	0.22576
ChrIII	4650000	0.01632	0.16766	0.18398
ChrIII	4750000	0.01466	0.33149	0.34615
ChrIII	4850000	0.0164	0.22026	0.23666
ChrIII	4950000	0.01522	0.22175	0.23697
ChrIII	5050000	0.0216	0.18316	0.20476
ChrIII	5150000	0.02986	0.42013	0.44999
ChrIII	5250000	0.01191	0.19671	0.20862
ChrIII	5350000	0.01583	0.13863	0.15446
ChrIII	5450000	0.02825	0.2239	0.25215
ChrIII	5550000	0.02205	0.28497	0.30702
ChrIII	5650000	0.01964	0.30401	0.32365
ChrIII	5750000	0.00918	0.5296	0.53878
ChrIII	5850000	0.0365	0.1469	0.1834
ChrIII	5950000	0.01706	0.20219	0.21925
ChrIII	6050000	0.01655	0.20032	0.21687
ChrIII	6150000	0.02023	0.2889	0.30913
ChrIII	6250000	0.01711	0.12183	0.13894
ChrIII	6350000	0.01869	0.14757	0.16626
ChrIII	6450000	0.01803	0.16358	0.18161
ChrIII	6550000	0.0144	0.12468	0.13908
ChrIII	6650000	0.007035175879396985	0.6250753768844222	0.6321105527638191
ChrIII	6750000	0.01439	0.27383	0.28822
ChrIII	6850000	0.01864	0.26412	0.28276
ChrIII	6950000	0.02519	0.14476	0.16995
ChrIII	7050000	0.00984	0.2986	0.30844
ChrIII	7150000	0.008311557788944724	0.1462814070351759	0.1545929648241206
ChrIII	7250000	0.01364	0.30286	0.3165
ChrIII	7350000	0.0162	0.14947	0.16567
ChrIII	7450000	0.00692	0.27923	0.28615
ChrIII	7550000	0.00924	0.2258	0.23504
ChrIII	7650000	0.02586	0.22412	0.24998
ChrIII	7750000	0.00606	0.45845	0.46451
ChrIII	7850000	0.01773	0.06941	0.08714
ChrIII	7950000	0.01262	0.24323	0.25585
ChrIII	8050000	0.01657	0.11956	0.13613
ChrIII	8150000	0.01986	0.13349	0.15335
ChrIII	8250000	0.01624	0.17877	0.19501
ChrIII	8350000	0.0227	0.06252	0.08522
ChrIII	8450000	0.01729	0.23838	0.25567
ChrIII	8550000	0.03598	0.14227	0.17825
ChrIII	8650000	0.01922	0.11769	0.13691
ChrIII	8750000	0.01786	0.07749	0.09535
ChrIII	8850000	0.02889	0.06614	0.09503
ChrIII	8950000	0.01007	0.51978	0.52985
ChrIII	9050000	0.04219	0.05135	0.09354
ChrIII	9150000	0.02818	0.08374	0.11192
ChrIII	9250000	0.02199	0.03285	0.05484
ChrIII	9350000	0.018	0.06457	0.08257
ChrIII	9450000	0.01484	0.21506	0.2299
ChrIII	9550000	0.02975	0.22067	0.25042
ChrIII	9650000	0.02741	0.05022	0.07763
ChrIII	9750000	0.00922	0.71636	0.72558
ChrIII	9850000	0.03504	0.09709	0.13213
ChrIII	9950000	0.06024	0.13239	0.19263
ChrIII	10050000	0.04743	0.13022	0.17765
ChrIII	10150000	0.03851	0.05103	0.08954
ChrIII	10250000	0.02759	0.04493	0.07252
ChrIII	10350000	0.03388	0.15585	0.18973
ChrIII	10450000	0.03189	0.05778	0.08967
ChrIII	10550000	0.0384	0.06441	0.10281
ChrIII	10650000	0.05728	0.13239	0.18967
ChrIII	10750000	0.01012	0.88448	0.8946
ChrIII	10850000	0.00932	0.59345	0.60277
ChrIII	10950000	0.03019	0.26028	0.29047
ChrIII	11050000	0.04934	0.01486	0.0642
ChrIII	11150000	0.05187	0.05897	0.11084
ChrIII	11250000	0.05139	0.07132	0.12271
ChrIII	11350000	0.03661	0.15395	0.19056
ChrIII	11450000	0.03588	0.1574	0.19328
ChrIII	11550000	0.10182	0.05481	0.15663
ChrIII	11650000	0.03522	0.20406	0.23928
ChrIII	11750000	0.03784	0.13264	0.17048
ChrIII	11850000	0.05044	0.06958	0.12002
ChrIII	11950000	0.06411	0.04276	0.10687
ChrIII	12050000	0.04846	0.06839	0.11685
ChrIII	12150000	0.03816	0.12395	0.16211
ChrIII	12250000	0.02544	0.10274	0.12818
ChrIII	12350000	0.03821	0.19691	0.23512
ChrIII	12450000	0.06244	0.04785	0.11029
ChrIII	12550000	0.02222	0.04027	0.06249
ChrIII	12650000	0.02693939393939394	0.09976767676767677	0.1267070707070707
ChrIII	12750000	0.03384	0.06237	0.09621
ChrIII	12850000	0.04822	0.09534	0.14356
ChrIII	12950000	0.028	0.22474	0.25274
ChrIII	13050000	0.02411	0.23956	0.26367
ChrIII	13150000	0.02391	0.06172	0.08563
ChrIII	13250000	0.02399	0.04589	0.06988
ChrIII	13350000	0.02831	0.32433	0.35264
ChrIII	13450000	0.03273	0.16491	0.19764
ChrIII	13550000	0.01737	0.16725	0.18462
ChrIII	13650000	0.0166	0.17705	0.19365
ChrIII	13750000	0.0081	0.16318	0.17128
ChrIII	13850000	0.01207	0.22241	0.23448
ChrIII	13950000	0.0104	0.52148	0.53188
ChrIII	14050000	0.01194	0.45094	0.46288
ChrIII	14150000	0.02139	0.0988	0.12019
ChrIII	14250000	0.00953	0.07468	0.08421
ChrIII	14350000	0.02099	0.11238	0.13337
ChrIII	14450000	0.02918	0.0619	0.09108
ChrIII	14550000	0.02153	0.14119	0.16272
ChrIII	14650000	0.00997	0.16219	0.17216
ChrIII	14750000	0.02173	0.11951	0.14124
ChrIII	14850000	0.01369	0.50256	0.51625
ChrIII	14950000	0.01838	0.19633	0.21471
ChrIII	15050000	0.01698	0.1303	0.14728
ChrIII	15150000	0.01747	0.10866	0.12613
ChrIII	15250000	0.02486	0.87365	0.89851
ChrIII	15350000	0.0214	0.24461	0.26601
ChrIII	15450000	0.00958	0.23671	0.24629
ChrIII	15550000	0.01776	0.14999	0.16775
ChrIII	15650000	0.01754	0.15133	0.16887
ChrIII	15750000	0.00797	0.14053	0.1485
ChrIII	15850000	0.01895	0.10212	0.12107
ChrIII	15950000	0.01408	0.26059	0.27467
ChrIII	16050000	0.00804	0.27164	0.27968
ChrIII	16150000	0.00991	0.44997	0.45988
ChrIII	16250000	0.01608	0.09549	0.11157
ChrIII	16350000	0.02061	0.11895	0.13956
ChrIII	16450000	0.01267	0.13662	0.14929
ChrIII	16550000	0.01505	0.26283	0.27788
ChrIII	16650000	0.01693	0.14472	0.16165
ChrIII	16750000	0.01404	0.08354	0.09758
ChrIII	16850000	0.00324	0.41109	0.41433
ChrIII	16950000	0.03606	0.22336	0.25942
ChrIII	17050000	0.02537	0.33468	0.36005
ChrIII	17150000	0.01023	0.12711	0.13734
ChrIII	17250000	0.00745	0.28556	0.29301
ChrIII	17350000	0.01844	0.14904	0.16748
ChrIII	17450000	0.0049	0.14806	0.15296
ChrIII	17550000	0.00933	0.21902	0.22835
ChrIII	17650000	0.01449	0.09249	0.10698
ChrIII	17750000	0.02422	0.12982	0.15404
ChrIII	17850000	0.00917	0.19129	0.20046
ChrIII	17950000	0.01149	0.35387	0.36536
ChrIII	18050000	0.01663	0.36225	0.37888
ChrIII	18150000	0.00839	0.31729	0.32568
ChrIII	18250000	0.016723618090452263	0.20698492462311557	0.22370854271356783
ChrIII	18350000	0.01437	0.16317	0.17754
ChrIII	18450000	0.01999	0.07026	0.09025
ChrIII	18550000	0.01712	0.22583	0.24295
ChrIII	18650000	0.01594	0.15871	0.17465
ChrIII	18750000	0.01051	0.29659	0.3071
ChrIII	18850000	0.01259	0.40208	0.41467
ChrIII	18950000	0.02875	0.09568	0.12443
ChrIII	19050000	0.0627	0.1732	0.2359
ChrIII	19150000	0.0065	0.21519	0.22169
ChrIII	19250000	0.02032	0.16651	0.18683
ChrIII	19350000	0.00717	0.37078	0.37795
ChrIII	19450000	0.01004	0.3167	0.32674
ChrIII	19550000	0.00919	0.20474	0.21393
ChrIII	19650000	0.0034	0.37012	0.37352
ChrIII	19750000	0.00636	0.43076	0.43712
ChrIII	19850000	0.00708	0.54565	0.55273
ChrIII	19950000	0.00429	0.37219	0.37648
ChrIII	20050000	0.01169	0.28655	0.29824
ChrIII	20150000	0.02557	0.16177	0.18734
ChrIII	20250000	0.01352	0.19837	0.21189
ChrIII	20350000	0.02973	0.14979	0.17952
ChrIII	20450000	0.02034	0.18677	0.20711
ChrIII	20550000	0.01797	0.10001	0.11798
ChrIII	20650000	0.01439	0.59848	0.61287
ChrIII	20750000	0.01833	0.3138	0.33213
ChrIII	20850000	0.01938	0.2239	0.24328
ChrIII	20950000	0.02634	0.15642	0.18276
ChrIII	21050000	0.0139	0.28923	0.30313
ChrIII	21150000	0.01493	0.31239	0.32732
ChrIII	21250000	0.00712	0.66587	0.67299
ChrIII	21350000	0.00241	0.64849	0.6509
ChrIII	21450000	0.0186	0.30395	0.32255
ChrIII	21550000	0.01518	0.36145	0.37663
ChrIII	21650000	0.01146	0.47687	0.48833
ChrIII	21750000	0.00521608040201005	0.4688643216080402	0.47408040201005025
ChrIII	21850000	0.02305	0.22607	0.24912
ChrIII	21950000	0.01658	0.3337	0.35028
ChrIII	22050000	0.01161	0.21737	0.22898
ChrIII	22150000	0.00525	0.48893	0.49418
ChrIII	22250000	0.01162	0.2658	0.27742
ChrIII	22350000	0.00415	0.71785	0.722
ChrIII	22450000	0.01596	0.36683	0.38279
ChrIII	22550000	0.02749	0.15006	0.17755
ChrIII	22650000	0.02585	0.12092	0.14677
ChrIII	22750000	0.02763	0.22956	0.25719
ChrIII	22850000	0.0217	0.17214	0.19384
ChrIII	22950000	0.02316	0.25338	0.27654
ChrIII	23050000	0.0177	0.29673	0.31443
ChrIII	23150000	0.01293	0.2804	0.29333
ChrIII	23250000	0.01876	0.70705	0.72581
ChrIII	23350000	0.02015	0.20681	0.22696
ChrIII	23450000	0.01738	0.2712	0.28858
ChrIII	23550000	0.0826	0.39679	0.47939
ChrIII	23650000	0.00643	0.81103	0.81746
ChrIII	23750000	0.00299	0.79742	0.80041
ChrIII	23850000	0.00434	0.31629	0.32063
ChrIII	23950000	0.0055	0.20786	0.21336
ChrIII	24050000	0.01731	0.22864	0.24595
ChrIII	24150000	0.02818	0.06033	0.08851
ChrIII	24250000	0.01516	0.07903	0.09419
ChrIII	24350000	0.01075	0.26203	0.27278
ChrIII	24450000	0.00501	0.34173	0.34674
ChrIII	24550000	0.013055276381909548	0.24616080402010052	0.25921608040201005
ChrIII	24619424	0.0	0.0	0.0
ChrI	50000	0.01244	0.17719	0.18963
ChrI	150000	0.0079	0.30305	0.31095
ChrI	250000	0.01862	0.20189	0.22051
ChrI	350000	0.00888	0.3976	0.40648
ChrI	450000	0.0	0.94115	0.94115
ChrI	550000	0.00348	0.83878	0.84226
ChrI	650000	0.00943	0.16865	0.17808
ChrI	750000	0.00539	0.45415	0.45954
ChrI	850000	0.00435	0.21972	0.22407
ChrI	950000	0.00875	0.2382	0.24695
ChrI	1050000	0.01228	0.25546	0.26774
ChrI	1150000	0.014848484848484849	0.17597979797979799	0.19082828282828282
ChrI	1250000	0.01678	0.23524	0.25202
ChrI	1350000	0.0175	0.13432	0.15182
ChrI	1450000	0.01762	0.27215	0.28977
ChrI	1550000	0.01007	0.3719	0.38197
ChrI	1650000	0.08421	0.42518	0.50939
ChrI	1750000	0.01411	0.22052	0.23463
ChrI	1850000	0.01066	0.3798	0.39046
ChrI	1950000	0.01266	0.1892	0.20186
ChrI	2050000	0.01119	0.23102	0.24221
ChrI	2150000	0.01308080808080808	0.4035858585858586	0.4166666666666667
ChrI	2250000	0.00424	0.71974	0.72398
ChrI	2350000	0.01041	0.43909	0.4495
ChrI	2450000	0.05224	0.40782	0.46006
ChrI	2550000	0.02191	0.17271	0.19462
ChrI	2650000	0.01216	0.24611	0.25827
ChrI	2750000	0.02109	0.1905	0.21159
ChrI	2850000	0.01479	0.26896	0.28375
ChrI	2950000	0.09371	0.41017	0.50388
ChrI	3050000	0.0198	0.16779	0.18759
ChrI	3150000	0.0216	0.17057	0.19217
ChrI	3250000	0.01646	0.26876	0.28522
ChrI	3350000	0.01877	0.26929	0.28806
ChrI	3450000	0.01857	0.21005	0.22862
ChrI	3550000	0.01291	0.19277	0.20568
ChrI	3650000	0.008090452261306533	0.35115577889447236	0.3592462311557789
ChrI	3750000	0.0121	0.30209	0.31419
ChrI	3850000	0.00672	0.23624	0.24296
ChrI	3950000	0.01146	0.22295	0.23441
ChrI	4050000	0.01733	0.17971	0.19704
ChrI	4150000	0.01123	0.18947	0.2007
ChrI	4250000	0.04863	0.32738	0.37601
ChrI	4350000	0.01877	0.22502	0.24379
ChrI	4450000	0.02109	0.11354	0.13463
ChrI	4550000	0.0182	0.16997	0.18817
ChrI	4650000	0.02014	0.24021	0.26035
ChrI	4750000	0.01083	0.35694	0.36777
ChrI	4850000	0.01228	0.49553	0.50781
ChrI	4950000	0.01471	0.52795	0.54266
ChrI	5050000	0.01142	0.11824	0.12966
ChrI	5150000	0.02605	0.23401	0.26006
ChrI	5250000	0.01047	0.24899	0.25946
ChrI	5350000	0.02	0.37363	0.39363
ChrI	5450000	0.01024	0.26825	0.27849
ChrI	5550000	0.01261	0.16838	0.18099
ChrI	5650000	0.01269	0.18263	0.19532
ChrI	5750000	0.01027	0.57587	0.58614
ChrI	5850000	0.02238	0.15231	0.17469
ChrI	5950000	0.01772	0.14928	0.167
ChrI	6050000	0.01417	0.16517	0.17934
ChrI	6150000	0.01432	0.41842	0.43274
ChrI	6250000	0.02464	0.17288	0.19752
ChrI	6350000	0.01564	0.31108	0.32672
ChrI	6450000	0.01445	0.10877	0.12322
ChrI	6550000	0.01056	0.22546	0.23602
ChrI	6650000	0.01107	0.13049	0.14156
ChrI	6750000	0.016683417085427137	0.3127035175879397	0.3293869346733668
ChrI	6850000	0.011125628140703517	0.5687738693467337	0.5798994974874372
ChrI	6950000	0.02181	0.23811	0.25992
ChrI	7050000	0.02164	0.09399	0.11563
ChrI	7150000	0.01478	0.23181	0.24659
ChrI	7250000	0.01579	0.27844	0.29423
ChrI	7350000	0.03231	0.7407	0.77301
ChrI	7450000	0.00833	0.11287	0.1212
ChrI	7550000	0.01163	0.29903	0.31066
ChrI	7650000	0.00943	0.06088	0.07031
ChrI	7750000	0.01422	0.15517	0.16939
ChrI	7850000	0.01801	0.08168	0.09969
ChrI	7950000	0.02125	0.06445	0.0857
ChrI	8050000	0.00488	0.24848	0.25336
ChrI	8150000	0.00908	0.1849	0.19398
ChrI	8250000	0.01453	0.07061	0.08514
ChrI	8350000	0.01116	0.15123	0.16239
ChrI	8450000	0.01106	0.31711	0.32817
ChrI	8550000	0.02079	0.22822	0.24901
ChrI	8650000	0.01564	0.08895	0.10459
ChrI	8750000	0.01294	0.50678	0.51972
ChrI	8850000	0.01482	0.1363	0.15112
ChrI	8950000	0.02028	0.04698	0.06726
ChrI	9050000	0.01228	0.14357	0.15585
ChrI	9150000	0.01544	0.03918	0.05462
ChrI	9250000	0.01219	0.13925	0.15144
ChrI	9350000	0.01254	0.38948	0.40202
ChrI	9450000	0.01373	0.23094	0.24467
ChrI	9550000	0.01668	0.05411	0.07079
ChrI	9650000	0.0127	0.13764	0.15034
ChrI	9750000	0.02176	0.03666	0.05842
ChrI	9850000	0.0218	0.13206	0.15386
ChrI	9950000	0.02606	0.1003	0.12636
ChrI	10050000	0.01319	0.11462	0.12781
ChrI	10150000	0.0179	0.10582	0.12372
ChrI	10250000	0.01988	0.07219	0.09207
ChrI	10350000	0.01996	0.07208	0.09204
ChrI	10450000	0.01432	0.17663	0.19095
ChrI	10550000	0.01643	0.37836	0.39479
ChrI	10650000	0.01326	0.07422	0.08748
ChrI	10750000	0.01808	0.17535	0.19343
ChrI	10850000	0.02533	0.04082	0.06615
ChrI	10950000	0.01051	0.57381	0.58432
ChrI	11050000	0.02416	0.1637	0.18786
ChrI	11150000	0.02602	0.06311	0.08913
ChrI	11250000	0.02627	0.13005	0.15632
ChrI	11350000	0.0283	0.15059	0.17889
ChrI	11450000	0.01414	0.08598	0.10012
ChrI	11550000	0.03516	0.16047	0.19563
ChrI	11650000	0.02087	0.05947	0.08034
ChrI	11750000	0.02626	0.06229	0.08855
ChrI	11850000	0.04283	0.14861	0.19144
ChrI	11950000	0.04046231155778895	0.05458291457286432	0.09504522613065326
ChrI	12050000	0.05519	0.11757	0.17276
ChrI	12150000	0.05045	0.14748	0.19793
ChrI	12250000	0.025366834170854273	0.3739597989949749	0.39932663316582917
ChrI	12350000	0.03486	0.23426	0.26912
ChrI	12450000	0.01156	0.55756	0.56912
ChrI	12550000	0.02957	0.42529	0.45486
ChrI	12650000	0.05122	0.1115	0.16272
ChrI	12750000	0.046552763819095476	0.08774874371859297	0.13430150753768844
ChrI	12850000	0.03696	0.0697	0.10666
ChrI	12950000	0.04327638190954774	0.15653266331658292	0.19980904522613066
ChrI	13050000	0.05251	0.17044	0.22295
ChrI	13150000	0.03362	0.16116	0.19478
ChrI	13250000	0.03477	0.46073	0.4955
ChrI	13350000	0.00972	0.46254	0.47226
ChrI	13450000	0.01712	0.06287	0.07999
ChrI	13550000	0.01048	0.4415	0.45198
ChrI	13650000	0.02622	0.12598	0.1522
ChrI	13750000	0.03245	0.06952	0.10197
ChrI	13850000	0.02849	0.08535	0.11384
ChrI	13950000	0.04144	0.0353	0.07674
ChrI	14050000	0.02576	0.10851	0.13427
ChrI	14150000	0.01639	0.38017	0.39656
ChrI	14250000	0.01937	0.29828	0.31765
ChrI	14350000	0.019939698492462313	0.12995979899497487	0.1498994974874372
ChrI	14450000	0.01536	0.26425	0.27961
ChrI	14550000	0.04473	0.33576	0.38049
ChrI	14650000	0.04465	0.08581	0.13046
ChrI	14750000	0.0231	0.21947	0.24257
ChrI	14850000	0.02753	0.09895	0.12648
ChrI	14950000	0.02614	0.19099	0.21713
ChrI	15050000	0.00852	0.73796	0.74648
ChrI	15150000	0.02763	0.21519	0.24282
ChrI	15250000	0.03372	0.08478	0.1185
ChrI	15350000	0.02815	0.07269	0.10084
ChrI	15450000	0.05447	0.13808	0.19255
ChrI	15550000	0.04096	0.14797	0.18893
ChrI	15650000	0.02483	0.19745	0.22228
ChrI	15750000	0.00852	0.25644	0.26496
ChrI	15850000	0.01901	0.29351	0.31252
ChrI	15950000	0.01283	0.25639	0.26922
ChrI	16050000	0.0104	0.10238	0.11278
ChrI	16150000	0.01137	0.20491	0.21628
ChrI	16250000	0.01681	0.14502	0.16183
ChrI	16350000	0.01401	0.0977	0.11171
ChrI	16450000	0.01044	0.19854	0.20898
ChrI	16550000	0.01281	0.16588	0.17869
ChrI	16650000	0.00365	0.47151	0.47516
ChrI	16750000	0.0114	0.20239	0.21379
ChrI	16850000	0.01768	0.15613	0.17381
ChrI	16950000	0.01609	0.28648	0.30257
ChrI	17050000	0.0153	0.25832	0.27362
ChrI	17150000	0.01727	0.09052	0.10779
ChrI	17250000	0.01356	0.16356	0.17712
ChrI	17350000	0.01853	0.08022	0.09875
ChrI	17450000	0.01694	0.06731	0.08425
ChrI	17550000	0.00649	0.24792	0.25441
ChrI	17650000	0.02302	0.13319	0.15621
ChrI	17750000	0.0174	0.15882	0.17622
ChrI	17850000	0.056733668341708544	0.5393668341708543	0.5961005025125629
ChrI	17950000	0.01468	0.2062	0.22088
ChrI	18050000	0.01543	0.22518	0.24061
ChrI	18150000	0.01722	0.1338	0.15102
ChrI	18250000	0.0361	0.17674	0.21284
ChrI	18350000	0.01553	0.16787	0.1834
ChrI	18450000	0.00618	0.31437	0.32055
ChrI	18550000	0.01482	0.12621	0.14103
ChrI	18650000	0.01144	0.12526	0.1367
ChrI	18750000	0.01192	0.18563	0.19755
ChrI	18850000	0.01546	0.27425	0.28971
ChrI	18950000	0.01651	0.1471	0.16361
ChrI	19050000	0.01163	0.25466	0.26629
ChrI	19150000	0.01473	0.14384	0.15857
ChrI	19250000	0.01183	0.60279	0.61462
ChrI	19350000	0.02055	0.2492	0.26975
ChrI	19450000	0.01237	0.19811	0.21048
ChrI	19550000	0.01088	0.33844	0.34932
ChrI	19650000	0.01285	0.18374	0.19659
ChrI	19750000	0.01857	0.16695	0.18552
ChrI	19850000	0.01656	0.25675	0.27331
ChrI	19950000	0.0234	0.23427	0.25767
ChrI	20050000	0.02696	0.13689	0.16385
ChrI	20150000	0.00896	0.50549	0.51445
ChrI	20250000	0.01661	0.20622	0.22283
ChrI	20350000	0.02265	0.26227	0.28492
ChrI	20450000	0.02719	0.20241	0.2296
ChrI	20550000	0.01988	0.15695	0.17683
ChrI	20650000	0.0203	0.19816	0.21846
ChrI	20750000	0.00839	0.39583	0.40422
ChrI	20850000	0.01841	0.13696	0.15537
ChrI	20950000	0.03122	0.26217	0.29339
ChrI	21050000	0.01435	0.23565	0.25
ChrI	21150000	0.0133	0.25623	0.26953
ChrI	21250000	0.02145	0.19573	0.21718
ChrI	21350000	0.01515	0.19105	0.2062
ChrI	21450000	0.0278	0.45529	0.48309
ChrI	21550000	0.01615	0.17407	0.19022
ChrI	21650000	0.01202	0.18883	0.20085
ChrI	21750000	0.00916	0.25525	0.26441
ChrI	21850000	0.01396	0.2525	0.26646
ChrI	21950000	0.01533	0.31951	0.33484
ChrI	22050000	0.013798994974874372	0.5848844221105528	0.5986834170854272
ChrI	22150000	0.02011	0.183	0.20311
ChrI	22250000	0.01524	0.30294	0.31818
ChrI	22350000	0.01159	0.30568	0.31727
ChrI	22450000	0.01346	0.18944	0.2029
ChrI	22550000	0.01477	0.2042	0.21897
ChrI	22650000	0.06592	0.81548	0.8814
ChrI	22750000	0.01798	0.66695	0.68493
ChrI	22850000	0.01765	0.34676	0.36441
ChrI	22950000	0.02176	0.48501	0.50677
ChrI	23050000	0.01177	0.47912	0.49089
ChrI	23150000	0.01142	0.42765	0.43907
ChrI	23250000	0.01795	0.30707	0.32502
ChrI	23350000	0.01473	0.21676	0.23149
ChrI	23450000	0.00983	0.26965	0.27948
ChrI	23550000	0.01354	0.26255	0.27609
ChrI	23650000	0.01479	0.13978	0.15457
ChrI	23750000	0.00953	0.08565	0.09518
ChrI	23850000	0.01357	0.18577	0.19934
ChrI	23950000	0.01342	0.07396	0.08738
ChrI	24050000	0.01471	0.11016	0.12487
ChrI	24150000	0.00469	0.43542	0.44011
ChrI	24209472	0.0660332541567696	0.601530746898918	0.6675640010556875
