scaffold_position	fraction_Arima_RE
50000	0.02748
150000	0.02933
250000	0.03287
350000	0.02589
450000	0.03005
550000	0.0294
650000	0.03277
750000	0.03049
850000	0.02818
950000	0.02737
1050000	0.02842
1150000	0.02918
1250000	0.03306
1350000	0.03178
1450000	0.03166
1550000	0.03328
1650000	0.03224
1750000	0.03344
1850000	0.0308
1950000	0.03332
2050000	0.03062
2150000	0.03278557114228457
2250000	0.03171
2350000	0.03232
2450000	0.03344
2550000	0.03245
2650000	0.02889
2750000	0.02805
2850000	0.02915
2950000	0.02757
3050000	0.02793
3150000	0.03222
3250000	0.03041
3350000	0.02938
3450000	0.02996
3550000	0.03108
3650000	0.03189
3750000	0.03074
3850000	0.03457
3950000	0.0318
4050000	0.0354
4150000	0.03317
4250000	0.03539
4350000	0.0323
4450000	0.03321
4550000	0.03222
4650000	0.03304
4750000	0.03281
4850000	0.03218
4950000	0.03397
5050000	0.03093
5150000	0.03246
5250000	0.03379
5350000	0.03468
5450000	0.03279
5550000	0.03266
5650000	0.03054
5750000	0.03261
5850000	0.03158
5950000	0.03228
6050000	0.03171
6150000	0.03214
6250000	0.03221
6350000	0.03392
6450000	0.03208
6550000	0.03287
6650000	0.00629
6750000	0.01466
6850000	0.03397
6950000	0.03422
7050000	0.03135
7150000	0.03221
7250000	0.03492
7350000	0.03397
7450000	0.03684
7550000	0.03569
7650000	0.03669
7750000	0.03542
7850000	0.03135
7950000	0.03269
8050000	0.029809619238476952
8150000	0.03392
8250000	0.03148
8350000	0.03022
8450000	0.03269
8550000	0.03266
8650000	0.03329
8750000	0.03766
8850000	0.03644
8950000	0.03462
9050000	0.03226
9150000	0.03571
9250000	0.03441
9350000	0.03234
9450000	0.03344
9550000	0.03945
9650000	0.03309
9750000	0.03305
9850000	0.03105
9950000	0.03058
10050000	0.03471
10150000	0.0316
10250000	0.03298
10350000	0.02987
10450000	0.03034
10550000	0.02723
10650000	0.02993
10750000	0.03089
10850000	0.02776
10950000	0.03271
11050000	0.03
11150000	0.03644
11250000	0.04143
11350000	0.02982
11450000	0.0285
11550000	0.02999
11650000	0.02811
11750000	0.03063
11850000	0.02835
11950000	0.0301
12050000	0.02675
12150000	0.03422
12250000	0.03402
12350000	0.0351
12450000	0.03486
12550000	0.03507
12650000	0.0328
12750000	0.03298
12850000	0.02816
12950000	0.02934
13050000	0.02779
13150000	0.02973
13250000	0.02798
13350000	0.03063
13450000	0.03084
13550000	0.02733
13650000	0.02726
13750000	0.02748
13850000	0.02692
13950000	0.02842
14050000	0.031
14150000	0.02896
14250000	0.03178
14350000	0.0276
14450000	0.0313
14550000	0.03224
14650000	0.02923
14750000	0.03159
14850000	0.0289
14950000	0.02897
15050000	0.02814
15150000	0.03119
15250000	0.03316
15350000	0.02986
15450000	0.03287
15550000	0.03352
15650000	0.02929
15750000	0.030801603206412825
15850000	0.03148
15950000	0.03492
16050000	0.03451
16150000	0.03611
16250000	0.03383
16350000	0.03409
16450000	0.03227
16550000	0.03141
16650000	0.03308
16750000	0.03358
16850000	0.03446
16950000	0.03129
17050000	0.03553
17150000	0.033
17250000	0.03568
17350000	0.03145
17450000	0.03386
17550000	0.035
17650000	0.03631
17750000	0.03267
17850000	0.03326
17950000	0.03376
18050000	0.03259
18150000	0.03457
18250000	0.03151
18350000	0.03071
18450000	0.03388
18550000	0.03315
18650000	0.03159
18750000	0.03238
18850000	0.03237
18950000	0.03152304609218437
19050000	0.03292
19150000	0.03599
19250000	0.0348
19350000	0.03126
19450000	0.03031
19550000	0.03094
19650000	0.03203
19750000	0.03395
19850000	0.034
19950000	0.03244
20050000	0.03485
20150000	0.03402
20250000	0.03407
20350000	0.03242
20450000	0.03094
20550000	0.03239
20650000	0.03171
20750000	0.03376
20850000	0.03321
20950000	0.03089
21050000	0.03398
21150000	0.03382
21250000	0.03459
21350000	0.03118
21450000	0.03292
21550000	0.03357
21650000	0.03151
21750000	0.03463
21850000	0.03628
21950000	0.03099
22050000	0.03497
22150000	0.03156
22250000	0.03368
22350000	0.03255
22450000	0.03239
22550000	0.03205
22650000	0.03244
22750000	0.03331
22850000	0.03205
22950000	0.03596
23050000	0.03018
23150000	0.03398
23250000	0.03007
23350000	0.03423
23450000	0.03508
23550000	0.03247
23650000	0.02941
23750000	0.03085
23850000	0.03178
23950000	0.03012
24050000	0.03312
24150000	0.0329
24250000	0.03336
24350000	0.0318
24450000	0.0332
24550000	0.02738
24650000	0.03687
24750000	0.03275
24850000	0.02906
24950000	0.0325
25050000	0.03363
25150000	0.0312
25250000	0.03107
25350000	0.0304
25450000	0.03089
25550000	0.03087
25650000	0.03149
25750000	0.03666
25850000	0.03333
25950000	0.02991
26050000	0.02775
26150000	0.02983
26250000	0.02819
26350000	0.03165
26450000	0.03035
26550000	0.02876
26650000	0.03153
26750000	0.03271
26850000	0.03283
26950000	0.03285
27050000	0.0339
27150000	0.03582
27250000	0.03629
27350000	0.03367
27450000	0.02994
27550000	0.02818
27650000	0.03235
27750000	0.02818
27850000	0.03191
27950000	0.03127
28050000	0.03281
28150000	0.03297
28250000	0.03124
28350000	0.03562
28450000	0.03167
28550000	0.03198
28650000	0.03292
28750000	0.03244
28850000	0.02805
28950000	0.03
29050000	0.03246
29150000	0.029
29250000	0.03241
29350000	0.02643
29450000	0.03089
29550000	0.03195
29650000	0.02782
29750000	0.03306
29850000	0.03182
29950000	0.03043
30050000	0.03411
30150000	0.03086
30250000	0.03019
30350000	0.03183
30450000	0.03078
30550000	0.0349
30650000	0.0314
30750000	0.03021
30850000	0.03007
30950000	0.03775
31050000	0.03276
31150000	0.03281
31250000	0.03341
31350000	0.0333
31450000	0.03379
31550000	0.03545
31650000	0.03005
31750000	0.03092
31850000	0.03201
31950000	0.03337
32050000	0.03293
32150000	0.03472
32250000	0.03357
32350000	0.02699
32450000	0.0292
32550000	0.03048
32650000	0.03177
32750000	0.02799
32850000	0.02663
32950000	0.0293
33050000	0.03198
33150000	0.03497
33250000	0.03155
33350000	0.03286
33450000	0.02936
33550000	0.03034
33650000	0.02936
33750000	0.02963
33850000	0.02901
33950000	0.02991
34050000	0.03291
34150000	0.03093
34250000	0.03171
34350000	0.03499
34450000	0.03387
34550000	0.03304
34650000	0.0308
34750000	0.03372
34850000	0.03269
34950000	0.02976
35050000	0.0266
35150000	0.03302
35250000	0.02758
35350000	0.03312
35450000	0.03079
35550000	0.03444
35650000	0.02838
35750000	0.03144
35850000	0.03081
35950000	0.03099
36050000	0.03171
36150000	0.03418
36250000	0.03408
36350000	0.0323
36450000	0.03304
36550000	0.03186
36650000	0.03601
36750000	0.03583
36850000	0.03385
36950000	0.03433
37050000	0.03388
37150000	0.03399
37250000	0.03425
37350000	0.03528
37450000	0.03536
37550000	0.03265
37650000	0.0332
37750000	0.03005
37850000	0.0338
37950000	0.03272
38050000	0.02886
38150000	0.03173
38250000	0.02663
38350000	0.03012
38450000	0.03079
38550000	0.03154
38650000	0.03174
38750000	0.03397
38850000	0.03371
38950000	0.03535
39050000	0.03059
39150000	0.03285
39250000	0.03286
39350000	0.03161
39450000	0.03647
39550000	0.03455
39650000	0.03483
39750000	0.03431
39850000	0.032
39950000	0.03173
40050000	0.03242
40150000	0.04046
40250000	0.03377
40350000	0.03183
40450000	0.03032
40550000	0.02921
40650000	0.0296
40750000	0.02887
40850000	0.03029
40950000	0.02778
41050000	0.0292
41150000	0.03161
41250000	0.0309
41350000	0.02939
41450000	0.02977
41550000	0.02817
41650000	0.02924
41750000	0.03014
41850000	0.03396
41950000	0.03175
42050000	0.03124
42150000	0.03113
42250000	0.03207
42350000	0.03612
42450000	0.03266
42550000	0.03289
42650000	0.03333
42750000	0.03423
42850000	0.03012
42950000	0.03347
43050000	0.03426
43150000	0.03511
43250000	0.03358
43350000	0.03406
43450000	0.03453
43550000	0.03412
43650000	0.03273
43750000	0.03593
43850000	0.03207
43950000	0.03446
44050000	0.03739
44150000	0.03786
44250000	0.03438
44350000	0.03139
44450000	0.03269
44550000	0.03207
44650000	0.03622
44750000	0.03303
44850000	0.03256
44950000	0.03092
45050000	0.03175
45150000	0.03437
45250000	0.03318
45350000	0.03261
45450000	0.0338
45550000	0.03434
45650000	0.03119
45750000	0.03126
45850000	0.03216
45950000	0.03215
46050000	0.03126
46150000	0.03031
46250000	0.03399
46350000	0.02994
46450000	0.0322
46550000	0.0309
46650000	0.03239
46750000	0.03162
46850000	0.02952
46950000	0.03217
47050000	0.03059
47150000	0.02993
47250000	0.03391
47350000	0.02645
47450000	0.03092
47550000	0.02904
47650000	0.02965
47750000	0.03335
47850000	0.0272
47950000	0.02867
48050000	0.02552
48150000	0.03373
48250000	0.03358
48350000	0.0319
48450000	0.02943
48550000	0.03023
48650000	0.03003
48750000	0.0295
48850000	0.03452
48950000	0.03318
49050000	0.03394
49150000	0.03648
49250000	0.03384
49350000	0.03556
49450000	0.03502
49550000	0.0316
49650000	0.03173
49750000	0.02939
49850000	0.02835
49950000	0.03331
50050000	0.02939
50150000	0.02926
50250000	0.03057
50350000	0.02824
50450000	0.03229
50550000	0.02927
50650000	0.03372
50750000	0.02814
50850000	0.03146
50950000	0.02892
51050000	0.03023
51150000	0.02747
51250000	0.02942
51350000	0.03085
51450000	0.02997
51550000	0.02721
51650000	0.02819
51750000	0.03024
51850000	0.03298
51950000	0.03133
52050000	0.03231
52150000	0.0311
52250000	0.02995
52350000	0.03488
52450000	0.03039
52550000	0.03263
52650000	0.03153
52750000	0.02977
52850000	0.03302
52950000	0.03234
53050000	0.03156
53150000	0.0311
53250000	0.035
53350000	0.03136
53450000	0.02972
53550000	0.03426
53650000	0.0332
53750000	0.03243
53850000	0.03174
53950000	0.03185
54050000	0.03239
54150000	0.03559
54250000	0.03135
54350000	0.03517
54450000	0.03433
54550000	0.03326
54650000	0.03729
54750000	0.03436
54850000	0.0324
54950000	0.03149
55050000	0.03145
55150000	0.03457
55250000	0.03194
55350000	0.03217
55450000	0.03382
55550000	0.03235
55650000	0.03484
55750000	0.03351
55850000	0.03486
55950000	0.03401
56050000	0.03637
56150000	0.03271
56250000	0.03689
56350000	0.03242
56450000	0.03084
56550000	0.03516
56650000	0.03669
56750000	0.03289
56850000	0.03162
56950000	0.03112
57050000	0.03248
57150000	0.03318
57250000	0.03214
57350000	0.03337
57450000	0.03407
57550000	0.03906
57650000	0.03104
57750000	0.03528
57850000	0.03151
57950000	0.03278
58050000	0.03731
58150000	0.03274
58250000	0.0323
58350000	0.0339
58450000	0.03582
58550000	0.03276
58650000	0.03438
58750000	0.03487
58850000	0.03321
58950000	0.03334
59050000	0.02937
59150000	0.03034
59250000	0.03299
59350000	0.03002
59450000	0.03285
59550000	0.03256
59650000	0.03161
59750000	0.03126
59850000	0.02984
59950000	0.02718
60050000	0.02795
60150000	0.02783
60250000	0.03231
60350000	0.02936
60450000	0.03065
60550000	0.03324
60650000	0.02979
60750000	0.03011
60850000	0.03217
60950000	0.02993
61050000	0.03121
61150000	0.03091
61250000	0.03318
61350000	0.03338
61450000	0.03023
61550000	0.03456
61650000	0.03281
61750000	0.02992
61850000	0.03036
61950000	0.03124
62050000	0.02763
62150000	0.03072
62250000	0.02881
62350000	0.0323
62450000	0.03217
62550000	0.03111
62650000	0.03486
62750000	0.03809
62850000	0.03383
62950000	0.03425
63050000	0.03422
63150000	0.03203
63250000	0.0333
63350000	0.03191
63450000	0.02925
63550000	0.02455
63650000	0.02843
63750000	0.02746
63850000	0.02991
63950000	0.028
64050000	0.03304
64150000	0.02634
64250000	0.02652
64350000	0.02753
64450000	0.02859
64550000	0.02928
64650000	0.02894
64750000	0.02886
64850000	0.03099
64950000	0.03072
65050000	0.02774
65150000	0.02906
65250000	0.03036
65350000	0.02802
65450000	0.03131
65550000	0.0316
65650000	0.0313
65750000	0.0331
65850000	0.03034
65950000	0.03038
66050000	0.03421
66150000	0.02839
66250000	0.03037
66350000	0.03094
66450000	0.03552
66550000	0.03256
66650000	0.03448
66750000	0.03269
66850000	0.03549
66950000	0.03635
67050000	0.03073
67150000	0.03548
67250000	0.0367
67350000	0.03214
67450000	0.03111
67550000	0.0332
67650000	0.03335
67750000	0.03529
67850000	0.03393
67950000	0.03386
68050000	0.03504
68150000	0.03388
68250000	0.03593
68350000	0.03433
68450000	0.03456
68550000	0.03616
68650000	0.03435
68750000	0.03436
68850000	0.0326
68950000	0.03356
69050000	0.03206
69150000	0.03408
69250000	0.03395
69350000	0.0334
69450000	0.03301
69550000	0.03065
69650000	0.03231
69750000	0.03379
69850000	0.0362
69950000	0.03083
70050000	0.0346
70150000	0.0322
70250000	0.03101
70350000	0.03314
70450000	0.03654
70550000	0.03307
70650000	0.03423
70750000	0.03358
70850000	0.03617
70950000	0.03478
71050000	0.03383
71150000	0.03294589178356713
71250000	0.03187
71350000	0.03144
71450000	0.031
71550000	0.03273
71650000	0.03459
71750000	0.03207
71850000	0.03368
71950000	0.03005
72050000	0.03364
72150000	0.031
72250000	0.03168
72350000	0.03018
72450000	0.03346
72550000	0.03344
72650000	0.02964
72750000	0.03166
72850000	0.03071
72950000	0.03085
73050000	0.03274
73150000	0.03082
73250000	0.02917
73350000	0.02783
73450000	0.03033
73550000	0.03123
73650000	0.03111
73750000	0.02953
73850000	0.03372
73950000	0.03534
74050000	0.03635
74150000	0.03425
74250000	0.03096
74350000	0.02927
74450000	0.02781
74550000	0.02891
74650000	0.03048
74750000	0.03152
74850000	0.03348
74950000	0.0337
75050000	0.0331
75150000	0.03763
75250000	0.03691
75350000	0.03341
75450000	0.03239
75550000	0.03115
75650000	0.03022
75750000	0.03113
75850000	0.03054
75950000	0.027
76050000	0.02918
76150000	0.02873
76250000	0.03249
76350000	0.03245
76450000	0.03358
76550000	0.03154
76650000	0.03198
76750000	0.03274
76850000	0.03275
76950000	0.03007
77050000	0.03067
77150000	0.02776
77250000	0.03357
77350000	0.03057
77450000	0.03045
77550000	0.03012
77650000	0.03499
77750000	0.03168
77850000	0.03419
77950000	0.03142
78050000	0.03334
78150000	0.03681
78250000	0.03072
78350000	0.03218
78450000	0.03075
78550000	0.03425
78650000	0.03148
78750000	0.03383
78850000	0.02991
78950000	0.03412
79050000	0.02982
79150000	0.03291
79250000	0.02997
79350000	0.03191
79450000	0.03386
79550000	0.0342
79650000	0.03269
79750000	0.03448
79850000	0.03467
79950000	0.03369
80050000	0.03485
80150000	0.0318
80250000	0.03332
80350000	0.03512
80450000	0.04205
80550000	0.03143
80650000	0.03526
80750000	0.03576
80850000	0.03268
80950000	0.0347
81050000	0.03206
81150000	0.03125
81250000	0.03452
81350000	0.03789
81450000	0.03212
81550000	0.03543
81650000	0.02969
81750000	0.03436
81850000	0.03337
81950000	0.03522
82050000	0.03513
82150000	0.03314
82250000	0.03121
82350000	0.03578
82450000	0.0323
82550000	0.0346
82650000	0.03548
82750000	0.03369
82850000	0.03353
82950000	0.03506
83050000	0.03352
83150000	0.03309
83250000	0.03167
83350000	0.0309
83450000	0.03319
83550000	0.03572
83650000	0.03067
83750000	0.03247
83850000	0.02845
83950000	0.03294
84050000	0.03244
84150000	0.03354
84250000	0.03121
84350000	0.03112
84450000	0.03393
84550000	0.03038
84650000	0.02798
84750000	0.03204
84850000	0.02851
84950000	0.02914
85050000	0.03259
85150000	0.03588
85250000	0.02972
85350000	0.03064
85450000	0.03187
85550000	0.03165
85650000	0.03315
85750000	0.03316
85850000	0.0313
85950000	0.03147
86050000	0.02792
86150000	0.02911
86250000	0.02853
86350000	0.02967
86450000	0.03036
86550000	0.03074
86650000	0.03036
86750000	0.02896
86850000	0.0299
86950000	0.02767
87050000	0.02836
87150000	0.0258
87250000	0.03023
87350000	0.02989
87450000	0.03191
87550000	0.03369
87650000	0.02934
87708852	0.020842747401717127
