scaffold_position	fraction_exonic
50000	0.14064
150000	0.22088
250000	0.21999
350000	0.18271
450000	0.26637
550000	0.2096
650000	0.35116
750000	0.21747
850000	0.23516
950000	0.1777
1050000	0.23005
1150000	0.23875
1250000	0.41219
1350000	0.22132
1450000	0.31336
1550000	0.25935
1650000	0.3351
1750000	0.19902
1850000	0.27436
1950000	0.05352705410821643
2050000	0.17294
2150000	0.28353
2250000	0.26604
2350000	0.26959
2450000	0.13986
2550000	0.13446
2650000	0.22611
2750000	0.17508
2850000	0.16639
2950000	0.14761
3050000	0.18889
3150000	0.12486
3250000	0.22857
3350000	0.16854
3450000	0.16489
3550000	0.23453
3650000	0.17829
3750000	0.20967
3850000	0.22801
3950000	0.34344
4050000	0.20348
4150000	0.24478
4250000	0.2051
4350000	0.20493
4450000	0.24438
4550000	0.14463
4650000	0.13275
4750000	0.17871
4850000	0.21268
4950000	0.17675
5050000	0.22358
5150000	0.23613
5250000	0.24593
5350000	0.12472
5450000	0.21822
5550000	0.10511
5650000	0.19772
5750000	0.22561
5850000	0.15578
5950000	0.26256
6050000	0.18657
6150000	0.20913
6250000	0.16314
6350000	0.08586
6450000	0.11223
6550000	0.32294
6650000	0.14182
6750000	0.2622
6850000	0.22987
6950000	0.25049
7050000	0.25042
7150000	0.26598
7250000	0.30303
7350000	0.29057
7450000	0.20493
7550000	0.14604
7650000	0.105
7750000	0.23262
7850000	0.24432
7950000	0.18022
8050000	0.22586
8150000	0.25586
8250000	0.2241
8350000	0.30577
8450000	0.34164
8550000	0.1851
8650000	0.14296
8750000	0.2823
8850000	0.17694
8950000	0.22676
9050000	0.15208
9150000	0.35545
9250000	0.31208
9350000	0.24197
9450000	0.26047
9550000	0.23001
9650000	0.19059
9750000	0.22235
9850000	0.18366
9950000	0.24368
10050000	0.21289
10150000	0.18123
10250000	0.165
10350000	0.2251
10450000	0.29045
10550000	0.21186
10650000	0.25203
10750000	0.48054108216432867
10850000	0.2402
10950000	0.20093
11050000	0.26723
11150000	0.25752
11250000	0.2467
11350000	0.27308
11450000	0.32477
11550000	0.34002
11650000	0.38296
11750000	0.35036
11850000	0.39347
11950000	0.3784
12050000	0.38454
12150000	0.36996
12250000	0.28869
12350000	0.28453
12450000	0.32738
12550000	0.26685
12650000	0.19359
12750000	0.28113
12850000	0.27021
12950000	0.2442
13050000	0.21102
13150000	0.23028
13250000	0.18327
13350000	0.16791
13450000	0.16119
13550000	0.15969
13650000	0.17643
13750000	0.20427
13850000	0.2649
13950000	0.23952
14050000	0.23385
14150000	0.21401
14250000	0.17159
14350000	0.21299
14450000	0.19116
14550000	0.28098
14650000	0.24106
14750000	0.19049
14850000	0.2238
14950000	0.16569138276553105
15050000	0.18467
15150000	0.21292
15250000	0.26064
15350000	0.3443
15450000	0.16107214428857716
15550000	0.27951
15650000	0.17817
15750000	0.23415
15850000	0.23063
15950000	0.30274
16050000	0.24636
16150000	0.24633
16250000	0.11013
16350000	0.21764
16450000	0.27478
16550000	0.24552
16650000	0.2167
16750000	0.29608
16850000	0.25157
16950000	0.28545
17050000	0.23463
17150000	0.28716
17250000	0.25545
17350000	0.25525
17450000	0.22344
17550000	0.28907
17650000	0.21244
17750000	0.23386
17850000	0.22914829659318636
17950000	0.25527
18050000	0.29391
18150000	0.31146
18250000	0.26663
18350000	0.20404
18450000	0.19897
18550000	0.22426
18650000	0.26701
18750000	0.35523
18850000	0.2223
18950000	0.29042
19050000	0.24452
19150000	0.26582
19250000	0.2441683366733467
19350000	0.15682
19450000	0.27055
19550000	0.25094
19650000	0.22049
19750000	0.16261
19850000	0.26632
19950000	0.28873
20050000	0.24275
20150000	0.25171
20250000	0.30426
20350000	0.18391
20450000	0.26953
20550000	0.25112
20650000	0.1747
20750000	0.26063
20850000	0.18515
20950000	0.30966
21050000	0.26734
21150000	0.2217
21250000	0.27288
21350000	0.20951
21450000	0.26274
21550000	0.22873
21650000	0.18141
21750000	0.24665
21850000	0.09291
21950000	0.2155
22050000	0.1914
22150000	0.22047
22250000	0.20955
22350000	0.19992
22450000	0.17383
22550000	0.21032
22650000	0.27124
22750000	0.22911
22850000	0.24684
22950000	0.2517
23050000	0.12735
23150000	0.30294
23250000	0.26997
23350000	0.16515
23450000	0.23673
23550000	0.22885
23650000	0.27068
23750000	0.23478
23850000	0.23436
23950000	0.26763
24050000	0.2711
24150000	0.23449
24250000	0.30623
24350000	0.28088
24450000	0.31391
24550000	0.35296
24650000	0.23891
24750000	0.31059
24850000	0.21087
24950000	0.23801
25050000	0.3343086172344689
25150000	0.29574
25250000	0.3303
25350000	0.32174
25450000	0.31755
25550000	0.3952
25650000	0.33117
25750000	0.32797
25850000	0.32374
25950000	0.27235
26050000	0.31608
26150000	0.22785
26250000	0.2876
26350000	0.24021
26450000	0.3364
26550000	0.24527
26650000	0.34082
26750000	0.30034
26850000	0.31018
26950000	0.29888
27050000	0.24418
27150000	0.17845
27250000	0.22684
27350000	0.23713426853707414
27450000	0.21361
27550000	0.25378
27650000	0.10058
27750000	0.27887
27850000	0.17577
27950000	0.14271
28050000	0.23364
28150000	0.23467
28250000	0.27759
28350000	0.2169
28450000	0.21201
28550000	0.24205
28650000	0.18384
28750000	0.22938877755511022
28850000	0.20751
28950000	0.17585
29050000	0.29879
29150000	0.17981
29250000	0.19887
29350000	0.1788
29450000	0.1521
29550000	0.18753
29650000	0.20463
29750000	0.17047
29850000	0.17462
29950000	0.17123
30050000	0.23092
30150000	0.20406
30250000	0.31662
30350000	0.26444
30450000	0.21214
30550000	0.23837
30650000	0.30019
30750000	0.19368
30850000	0.1602
30950000	0.19697
31050000	0.29142
31150000	0.37387
31250000	0.30129
31350000	0.20219
31450000	0.20172
31550000	0.19163
31650000	0.20993
31750000	0.29958
31850000	0.23009
31950000	0.24354
32050000	0.18861
32150000	0.24084
32250000	0.26454
32350000	0.28899
32450000	0.23433
32550000	0.27282
32650000	0.30377
32750000	0.25057
32850000	0.18784
32950000	0.24716
33050000	0.26868
33150000	0.31148
33250000	0.27762
33350000	0.24954
33450000	0.25552
33550000	0.15942
33650000	0.21229
33750000	0.23272
33850000	0.22021
33950000	0.24608
34050000	0.25593
34150000	0.24661
34250000	0.27488
34350000	0.31402
34450000	0.22728
34550000	0.20129
34650000	0.25473
34750000	0.32458
34850000	0.25901
34950000	0.25674
35050000	0.29385
35150000	0.21927
35250000	0.24669
35350000	0.27844689378757514
35450000	0.29843
35550000	0.18394
35650000	0.27286
35750000	0.21374
35850000	0.15921
35950000	0.20071
36050000	0.1796
36150000	0.17858
36250000	0.17588
36350000	0.29257
36450000	0.29253
36550000	0.34323
36650000	0.20087
36750000	0.28263
36850000	0.20277
36950000	0.33237
37050000	0.31497
37150000	0.34212
37250000	0.26793
37350000	0.23089
37450000	0.26869
37550000	0.40079
37650000	0.30311
37750000	0.29631
37850000	0.26225
37950000	0.21958
38050000	0.21062
38150000	0.21852
38250000	0.24057
38350000	0.24753
38450000	0.24447
38550000	0.19141
38650000	0.21515
38750000	0.23559
38850000	0.21795
38950000	0.17179
39050000	0.20957
39150000	0.11039
39250000	0.26077
39350000	0.22809
39450000	0.20337
39550000	0.20004
39650000	0.24343
39750000	0.39893
39850000	0.22381
39950000	0.1906
40050000	0.19678
40150000	0.19866
40250000	0.2938
40350000	0.32254
40450000	0.22528
40550000	0.24384
40650000	0.27534
40750000	0.31893
40850000	0.13395
40950000	0.18298
41050000	0.23449
41150000	0.19533
41250000	0.32955
41350000	0.31625
41450000	0.16832
41550000	0.18723
41650000	0.22928
41750000	0.17272
41850000	0.33573
41950000	0.29538
42050000	0.16623
42150000	0.22266
42250000	0.13495
42350000	0.18939
42450000	0.28852
42550000	0.2791
42650000	0.18744
42750000	0.22648
42850000	0.18107
42950000	0.25308
43050000	0.19965
43150000	0.24219
43250000	0.2825
43350000	0.25816
43450000	0.24206412825651302
43550000	0.17872
43650000	0.18912
43750000	0.25353
43850000	0.18165
43950000	0.20579
44050000	0.30424
44150000	0.20207
44250000	0.31267
44350000	0.21781
44450000	0.215
44550000	0.22697
44650000	0.28672
44750000	0.20172
44850000	0.14719
44950000	0.1862
45050000	0.22482
45150000	0.37817
45250000	0.2303
45350000	0.24803
45450000	0.27155
45550000	0.26595
45650000	0.23256
45750000	0.43743
45850000	0.33782
45950000	0.29595
46050000	0.41381
46150000	0.324
46250000	0.30604
46350000	0.37685
46450000	0.38532
46550000	0.31461
46650000	0.28347
46750000	0.2898
46850000	0.30361
46950000	0.30322
47050000	0.33094
47150000	0.30309
47250000	0.33135
47350000	0.22479
47450000	0.32213
47550000	0.28456
47650000	0.2218436873747495
47750000	0.29114
47850000	0.14401
47950000	0.21333
48050000	0.18702
48150000	0.28363
48250000	0.14309
48350000	0.09231
48450000	0.23328
48550000	0.16867
48650000	0.28071
48750000	0.17021
48850000	0.24546
48950000	0.19182
49050000	0.20343
49150000	0.18252
49250000	0.20603
49350000	0.25704
49450000	0.1716
49550000	0.22137274549098196
49650000	0.18605
49750000	0.23595
49850000	0.23694
49950000	0.23068
50050000	0.22008
50150000	0.17909
50250000	0.24159
50350000	0.17097
50450000	0.19116
50550000	0.19425
50650000	0.25239
50750000	0.27015
50850000	0.17818
50950000	0.29964
51050000	0.23729
51150000	0.35832
51250000	0.25838
51350000	0.28504
51450000	0.26968
51550000	0.23742
51650000	0.25209
51750000	0.26304
51850000	0.22566
51950000	0.31979
52050000	0.21863
52150000	0.29519
52250000	0.23499
52350000	0.23445
52450000	0.25951
52550000	0.25449
52650000	0.2083
52750000	0.31634
52850000	0.24483
52950000	0.29714
53050000	0.28367
53150000	0.27444
53250000	0.2292
53350000	0.25239
53450000	0.23549
53550000	0.28612
53650000	0.18402
53750000	0.29878
53850000	0.26717
53950000	0.35647
54050000	0.26295
54150000	0.26001
54250000	0.22717
54350000	0.22354
54450000	0.23256
54550000	0.21211
54650000	0.3438
54750000	0.28186
54850000	0.20351
54950000	0.25625
55050000	0.27807
55150000	0.25738
55250000	0.25829
55350000	0.21507
55450000	0.27441
55550000	0.16842
55650000	0.18949
55750000	0.28196
55850000	0.27998
55950000	0.28343
56050000	0.24740480961923847
56150000	0.25376
56250000	0.24514
56350000	0.19746
56450000	0.24646
56550000	0.23269
56650000	0.21083
56750000	0.22563
56850000	0.23203
56950000	0.19593
57050000	0.17402
57150000	0.24919
57250000	0.24333
57350000	0.2229
57450000	0.30639
57550000	0.23282
57650000	0.29889
57750000	0.27798
57850000	0.30442
57950000	0.23816
58050000	0.28983
58150000	0.24939
58250000	0.24417
58350000	0.29264
58450000	0.34118
58550000	0.21657
58650000	0.24316
58750000	0.3531
58850000	0.35813
58950000	0.30626
59050000	0.35057
59150000	0.30006
59250000	0.23066
59350000	0.36442
59450000	0.30089
59550000	0.19918
59650000	0.28785
59750000	0.25602
59850000	0.31215
59950000	0.37038
60050000	0.27811
60150000	0.21074
60250000	0.18884
60350000	0.27689
60450000	0.23038
60550000	0.27696392785571144
60650000	0.15122
60750000	0.2851
60850000	0.19788577154308618
60950000	0.2034
61050000	0.17536
61150000	0.21022
61250000	0.15406
61350000	0.15803
61450000	0.20223
61550000	0.32394
61650000	0.18951
61750000	0.18836
61850000	0.3389679358717435
61950000	0.22246
62050000	0.15842
62150000	0.29955
62250000	0.23838
62350000	0.21197
62450000	0.25677
62550000	0.26693
62650000	0.23153
62750000	0.24181
62850000	0.27296
62950000	0.23506
63050000	0.21815
63150000	0.18166
63250000	0.22476
63350000	0.30109
63450000	0.27103
63550000	0.28909
63650000	0.2118436873747495
63750000	0.27854
63850000	0.26002
63950000	0.23676
64050000	0.31188
64150000	0.23842685370741484
64250000	0.23488
64350000	0.21477
64450000	0.22251
64550000	0.23468
64650000	0.23685
64750000	0.22589
64850000	0.22189
64950000	0.24736
65050000	0.26389
65150000	0.2193
65250000	0.27415
65350000	0.27125
65450000	0.23006
65550000	0.27087
65650000	0.19163
65750000	0.28353
65850000	0.24761
65950000	0.28644
66050000	0.27882
66150000	0.24375
66250000	0.309
66350000	0.29658316633266535
66450000	0.28724
66550000	0.2083
66650000	0.247
66750000	0.29863
66850000	0.22171
66950000	0.16023
67050000	0.15915
67150000	0.19244
67250000	0.15087
67350000	0.21328
67450000	0.16906
67550000	0.12734
67650000	0.32036
67750000	0.17672
67850000	0.22116
67950000	0.24552
68050000	0.2205
68150000	0.24102
68250000	0.24744
68350000	0.16078
68450000	0.21925
68550000	0.20407
68650000	0.25479
68750000	0.21555
68850000	0.26151
68950000	0.18705
69050000	0.38835
69150000	0.27566
69250000	0.43707
69350000	0.47742
69450000	0.25071
69550000	0.22426
69650000	0.22307
69750000	0.30222
69850000	0.31515
69950000	0.3654
70050000	0.27545
70150000	0.26895
70250000	0.37335
70350000	0.28353
70450000	0.39291
70550000	0.34047
70650000	0.28942
70750000	0.31333
70850000	0.27075
70950000	0.24806
71050000	0.26299
71150000	0.26674
71250000	0.27346
71350000	0.35733
71450000	0.24261
71550000	0.19927
71650000	0.30695
71750000	0.28949
71850000	0.22468
71950000	0.29247
72050000	0.29397
72150000	0.22236
72250000	0.26644
72350000	0.19445
72450000	0.27956
72550000	0.27369
72650000	0.25643
72750000	0.22473
72850000	0.21306
72950000	0.23391
73050000	0.22442
73150000	0.26244
73250000	0.14478
73350000	0.15745
73450000	0.21452
73550000	0.18483
73650000	0.2004
73750000	0.19888
73850000	0.16556
73950000	0.12816
74050000	0.22362
74150000	0.18318
74250000	0.20983
74350000	0.24179
74450000	0.30918
74550000	0.18885
74650000	0.34697
74750000	0.27661
74850000	0.21962
74950000	0.15072
75050000	0.27733
75150000	0.29042
75250000	0.46774
75350000	0.26572
75450000	0.26792
75550000	0.30502
75650000	0.26727
75750000	0.22553
75850000	0.25159
75950000	0.29673
76050000	0.26501
76150000	0.20917
76250000	0.30747
76350000	0.20034
76450000	0.2344
76550000	0.30447
76650000	0.19017
76750000	0.31218
76850000	0.21177
76950000	0.27933
77050000	0.27589
77150000	0.20622
77250000	0.2659
77350000	0.24529
77450000	0.25321
77550000	0.21381
77650000	0.21318
77750000	0.12294
77850000	0.20249
77950000	0.22849
78050000	0.25886
78150000	0.18637
78250000	0.14726
78350000	0.27229
78450000	0.27506
78550000	0.22266
78650000	0.25633
78750000	0.13457
78850000	0.31966
78950000	0.2174
79050000	0.34038
79150000	0.31126
79250000	0.26422
79350000	0.3116
79450000	0.27124
79550000	0.22491
79650000	0.22005
79750000	0.30672
79850000	0.2964
79950000	0.26664
80050000	0.30534
80150000	0.21648
80250000	0.217
80350000	0.23252
80450000	0.24261
80550000	0.25568
80650000	0.16594
80750000	0.27798
80850000	0.29058
80950000	0.23364
81050000	0.20325
81150000	0.29907
81250000	0.23985
81350000	0.26586
81450000	0.28494
81550000	0.29217
81650000	0.31646
81750000	0.18766
81850000	0.1584
81936122	0.11095577548619281
