scaffold_position	fraction_exonic
50000	0.10642
150000	0.20697
250000	0.20318
350000	0.21309619238476954
450000	0.19796
550000	0.23915
650000	0.23477
750000	0.31467
850000	0.23314
950000	0.23323
1050000	0.15005
1150000	0.25729
1250000	0.23601
1350000	0.35308
1450000	0.26874
1550000	0.23861
1650000	0.3169
1750000	0.23368
1850000	0.27117
1950000	0.2926
2050000	0.18755
2150000	0.009739478957915831
2250000	0.06098
2350000	0.23209
2450000	0.26257
2550000	0.19478
2650000	0.22723
2750000	0.25974
2850000	0.11429
2950000	0.17793
3050000	0.22476
3150000	0.16593
3250000	0.15099
3350000	0.1608
3450000	0.1406
3550000	0.19365
3650000	0.16545
3750000	0.17817
3850000	0.21837
3950000	0.1608
4050000	0.20454
4150000	0.20033
4250000	0.22488
4350000	0.19426
4450000	0.36592
4550000	0.26857
4650000	0.30088
4750000	0.26744
4850000	0.23886
4950000	0.17511
5050000	0.22653
5150000	0.21529
5250000	0.2129
5350000	0.18801
5450000	0.1774
5550000	0.22412
5650000	0.2323
5750000	0.1941
5850000	0.20439
5950000	0.17445
6050000	0.18078
6150000	0.16424
6250000	0.20381
6350000	0.11526
6450000	0.21036
6550000	0.21175
6650000	0.25629
6750000	0.17059
6850000	0.24489
6950000	0.21625
7050000	0.03903
7150000	0.11067
7250000	0.25464
7350000	0.21714
7450000	0.18364
7550000	0.21788
7650000	0.25311
7750000	0.26117
7850000	0.26716
7950000	0.27637
8050000	0.25835
8150000	0.27747
8250000	0.19629
8350000	0.18091
8450000	0.26181
8550000	0.27583
8650000	0.23937
8750000	0.20366
8850000	0.24727
8950000	0.22503
9050000	0.21771
9150000	0.3089
9250000	0.37948
9350000	0.18695
9450000	0.19888
9550000	0.25844
9650000	0.18818
9750000	0.23937
9850000	0.19554
9950000	0.26285
10050000	0.37845
10150000	0.24468
10250000	0.29489
10350000	0.19365
10450000	0.20159
10550000	0.17784
10650000	0.2079
10750000	0.21353
10850000	0.20781
10950000	0.27165
11050000	0.10935
11150000	0.20154
11250000	0.18415
11350000	0.21319
11450000	0.26774
11550000	0.21639
11650000	0.19254
11750000	0.26719
11850000	0.56168
11950000	0.23
12050000	0.20159
12150000	0.2858
12250000	0.23359
12350000	0.24616
12450000	0.29459
12550000	0.34312
12650000	0.3769
12750000	0.33798
12850000	0.35823
12950000	0.31649
13050000	0.2911
13150000	0.40319
13250000	0.38424
13350000	0.32745
13450000	0.3069
13550000	0.29755
13650000	0.25769
13750000	0.27085
13850000	0.20714
13950000	0.24334
14050000	0.27492
14150000	0.2529
14250000	0.18688
14350000	0.20825
14450000	0.14491
14550000	0.18095
14650000	0.18767
14750000	0.11406
14850000	0.18181
14950000	0.1233
15050000	0.25461
15150000	0.25959
15250000	0.26283
15350000	0.2322
15450000	0.19628
15550000	0.25164
15650000	0.17735
15750000	0.21823
15850000	0.17203
15950000	0.2789
16050000	0.24621
16150000	0.2397
16250000	0.20394
16350000	0.11014
16450000	0.30468
16550000	0.18453
16650000	0.20638
16750000	0.24393
16850000	0.29752
16950000	0.27736
17050000	0.23847
17150000	0.16491
17250000	0.22038
17350000	0.18768
17450000	0.29448
17550000	0.29339
17650000	0.22887
17750000	0.13231
17850000	0.2148
17950000	0.2251
18050000	0.27705
18150000	0.2047
18250000	0.24936
18350000	0.22557
18450000	0.2139
18550000	0.2859
18650000	0.24879
18750000	0.25227
18850000	0.25802
18950000	0.17753
19050000	0.26282
19150000	0.21014
19250000	0.31231
19350000	0.21524
19450000	0.21064
19550000	0.3221
19650000	0.24031
19750000	0.2791
19850000	0.25061122244488976
19950000	0.21018
20050000	0.21459
20150000	0.21266
20250000	0.20699
20350000	0.25344
20450000	0.27803
20550000	0.20357
20650000	0.28642
20750000	0.245
20850000	0.22701
20950000	0.22605
21050000	0.16918
21150000	0.22521
21250000	0.24037
21350000	0.24276
21450000	0.17809
21550000	0.25403
21650000	0.24282
21750000	0.23179
21850000	0.22521
21950000	0.28692
22050000	0.30151
22150000	0.20124
22250000	0.25228
22350000	0.27877
22450000	0.21933
22550000	0.21669
22650000	0.19752
22750000	0.2427
22850000	0.25942
22950000	0.20166
23050000	0.20214
23150000	0.20166
23250000	0.23904
23350000	0.26939
23450000	0.20109
23550000	0.15411
23650000	0.24196
23750000	0.10682
23850000	0.2632364729458918
23950000	0.19407
24050000	0.20492
24150000	0.19661
24250000	0.16193
24350000	0.19137
24450000	0.20539
24550000	0.26551
24650000	0.20454
24750000	0.23622
24850000	0.25058
24950000	0.14353
25050000	0.1806
25150000	0.36645
25250000	0.1649
25350000	0.23649
25450000	0.25004
25550000	0.28667
25650000	0.24494
25750000	0.1983
25850000	0.25893
25950000	0.24534
26050000	0.26664
26150000	0.2142
26250000	0.28907
26350000	0.29725
26450000	0.30191
26550000	0.27518
26650000	0.25727
26750000	0.3081
26850000	0.1833
26950000	0.25701
27050000	0.32427
27150000	0.30914
27250000	0.28093
27350000	0.29811
27450000	0.25168
27550000	0.40233
27650000	0.37085
27750000	0.3748
27850000	0.35298
27950000	0.23318
28050000	0.33378
28150000	0.23337
28250000	0.23556
28350000	0.21957
28450000	0.27435
28550000	0.24734
28650000	0.23991
28750000	0.12885
28850000	0.41388
28950000	0.2576953907815631
29050000	0.24486
29150000	0.26531
29250000	0.16471
29350000	0.17691
29450000	0.18576
29550000	0.14793
29650000	0.23289
29750000	0.24114
29850000	0.22392
29950000	0.15993
30050000	0.20412
30150000	0.19797
30250000	0.16341
30350000	0.20904
30450000	0.19728
30550000	0.27715
30650000	0.24319
30750000	0.17493
30850000	0.19116
30950000	0.19386
31050000	0.15972
31150000	0.20625
31250000	0.18762
31350000	0.19049
31450000	0.30597
31550000	0.21001
31650000	0.15498
31750000	0.23425
31850000	0.11989
31950000	0.15806
32050000	0.16777
32150000	0.20661
32250000	0.21075
32350000	0.17301
32450000	0.16923
32550000	0.26472
32650000	0.20836
32750000	0.18609
32850000	0.33788
32950000	0.26683
33050000	0.21108
33150000	0.24907
33250000	0.29623
33350000	0.22648
33450000	0.14697
33550000	0.21081
33650000	0.31119
33750000	0.32033
33850000	0.23743
33950000	0.24188
34050000	0.1937
34150000	0.19625
34250000	0.198
34350000	0.19952
34450000	0.2120440881763527
34550000	0.15436
34650000	0.23484
34750000	0.25588
34850000	0.24054
34950000	0.29129
35050000	0.22348
35150000	0.22141
35250000	0.26993
35350000	0.26436
35450000	0.26331
35550000	0.189
35650000	0.22584
35750000	0.23809
35850000	0.27486
35950000	0.24061
36050000	0.2585
36150000	0.20058
36250000	0.2152
36350000	0.2057
36450000	0.19617
36550000	0.19597
36650000	0.20684
36750000	0.20137
36850000	0.2273
36950000	0.25368
37050000	0.22734
37150000	0.24949
37250000	0.23125
37350000	0.19968
37450000	0.2106
37550000	0.26572
37650000	0.2819
37750000	0.27065
37850000	0.23288
37950000	0.24804
38050000	0.30288
38150000	0.24222
38250000	0.26347
38350000	0.21567
38450000	0.23938
38550000	0.23879
38650000	0.23037
38750000	0.16199
38850000	0.27876
38950000	0.10431
39050000	0.23759
39150000	0.14173
39250000	0.21246
39350000	0.14832
39450000	0.32469
39550000	0.26977
39650000	0.30045
39750000	0.21055
39850000	0.15271
39950000	0.27047
40050000	0.20877
40150000	0.29496
40250000	0.27463
40350000	0.29212
40450000	0.28512
40550000	0.25664
40650000	0.24067
40750000	0.23412
40850000	0.38848
40950000	0.26663
41050000	0.31437
41150000	0.25989
41250000	0.23441
41350000	0.23162
41450000	0.17279
41550000	0.24211
41650000	0.25896
41750000	0.25038
41850000	0.25827
41950000	0.1768
42050000	0.19656
42150000	0.18945
42250000	0.19055
42350000	0.21182
42450000	0.11808
42550000	0.23769
42650000	0.22407
42750000	0.17262
42850000	0.18238
42950000	0.2246
43050000	0.31253
43150000	0.25441
43250000	0.29839
43350000	0.19914
43450000	0.22485
43550000	0.20443
43650000	0.31965
43750000	0.27668336673346694
43850000	0.27284
43950000	0.17563
44050000	0.27108
44150000	0.172
44250000	0.26121
44350000	0.14334
44450000	0.17903
44550000	0.21758
44650000	0.17836
44750000	0.30496
44850000	0.3403
44950000	0.25796
45050000	0.16011
45150000	0.17043
45250000	0.23879
45350000	0.182
45450000	0.30541
45550000	0.26399
45650000	0.15642
45750000	0.22091
45850000	0.11746
45950000	0.22241
46050000	0.26028
46150000	0.28155
46250000	0.18516
46350000	0.18235
46450000	0.24383
46550000	0.20349699398797594
46650000	0.19974
46750000	0.27602
46850000	0.15429
46950000	0.28494
47050000	0.2541
47150000	0.23104
47250000	0.16196
47350000	0.26813
47450000	0.2391
47550000	0.20532
47650000	0.24269
47750000	0.2535871743486974
47850000	0.20412
47950000	0.29838
48050000	0.20024
48150000	0.19489
48250000	0.23579
48350000	0.19844
48450000	0.27551
48550000	0.15643
48650000	0.14527
48750000	0.15646
48850000	0.26995
48950000	0.38611
49050000	0.23289
49150000	0.21216
49250000	0.21495
49350000	0.2679
49450000	0.24882
49550000	0.24086
49650000	0.42286
49750000	0.34554
49850000	0.29604
49950000	0.41703
50050000	0.34606
50150000	0.3668
50250000	0.35805
50350000	0.37592
50450000	0.31014
50550000	0.2345
50650000	0.34365
50750000	0.27534
50850000	0.31771
50950000	0.36605
51050000	0.23834
51150000	0.33648
51250000	0.26507
51350000	0.27765
51450000	0.21237
51550000	0.32427
51650000	0.18747
51750000	0.20871
51850000	0.2261
51950000	0.21091
52050000	0.26695
52150000	0.20001
52250000	0.14909
52350000	0.10087
52450000	0.25903
52550000	0.13346
52650000	0.23942
52750000	0.22007
52850000	0.15801
52950000	0.22947
53050000	0.19875
53150000	0.19732
53250000	0.16408
53350000	0.22279
53450000	0.25601
53550000	0.17535
53650000	0.18017
53750000	0.23121
53850000	0.26163
53950000	0.21894
54050000	0.17431
54150000	0.21037
54250000	0.19044
54350000	0.20193
54450000	0.20704
54550000	0.15165
54650000	0.19827
54750000	0.23661
54850000	0.23976
54950000	0.24559
55050000	0.25044
55150000	0.23539
55250000	0.27837
55350000	0.25581
55450000	0.26262
55550000	0.27248
55650000	0.24912
55750000	0.2897
55850000	0.27457
55950000	0.25113
56050000	0.22461
56150000	0.35838
56250000	0.24098
56350000	0.2484
56450000	0.21909
56550000	0.2579
56650000	0.15057
56750000	0.22494
56850000	0.29747
56950000	0.21169
57050000	0.28807
57150000	0.20684
57250000	0.27501
57350000	0.26606
57450000	0.25736
57550000	0.26475
57650000	0.22792
57750000	0.24509
57850000	0.24723
57950000	0.23961
58050000	0.20888
58150000	0.28929
58250000	0.26282
58350000	0.34514
58450000	0.30476
58550000	0.26168
58650000	0.22529
58750000	0.21791
58850000	0.20305
58950000	0.25236
59050000	0.20696
59150000	0.22867
59250000	0.29486
59350000	0.23122
59450000	0.22389
59550000	0.23697
59650000	0.25485
59750000	0.2412
59850000	0.23979
59950000	0.23049
60050000	0.19305
60150000	0.21922
60250000	0.10738
60350000	0.21916
60450000	0.27389
60550000	0.26869
60650000	0.21789
60750000	0.26838
60850000	0.26661
60950000	0.15033
61050000	0.21186
61150000	0.2064
61250000	0.24418
61350000	0.2322
61450000	0.17627
61550000	0.2081
61650000	0.21247
61750000	0.17891
61850000	0.16679
61950000	0.27153
62050000	0.21149
62150000	0.21573
62250000	0.19829
62350000	0.23528
62450000	0.18747
62550000	0.3341
62650000	0.22657
62750000	0.29152
62850000	0.16256513026052105
62950000	0.23424
63050000	0.28094
63150000	0.28337
63250000	0.22194
63350000	0.27511
63450000	0.33229
63550000	0.23083
63650000	0.20452
63750000	0.23989
63850000	0.42702
63950000	0.33831
64050000	0.35606
64150000	0.26294
64250000	0.30854
64350000	0.3566
64450000	0.26662324649298597
64550000	0.18398
64650000	0.28794
64750000	0.26041
64850000	0.2435
64950000	0.31276
65050000	0.37889
65150000	0.20611
65250000	0.22207
65350000	0.18497
65450000	0.25363
65550000	0.1969
65650000	0.2875
65750000	0.14194
65850000	0.25285
65950000	0.29422
66050000	0.1497
66150000	0.17271
66250000	0.23874
66350000	0.13476
66450000	0.2373
66550000	0.15768
66650000	0.22288
66750000	0.2636
66850000	0.13574
66950000	0.24426
67050000	0.24151
67150000	0.19965
67250000	0.17335
67350000	0.18079
67450000	0.30042
67550000	0.20698
67650000	0.22863
67750000	0.31059
67850000	0.28181
67950000	0.20043
68050000	0.22595
68150000	0.21408
68250000	0.25916
68350000	0.23665
68450000	0.21027
68550000	0.21859
68650000	0.26052
68750000	0.28565
68850000	0.21316
68950000	0.25171
69050000	0.25331
69150000	0.26508
69250000	0.22998
69350000	0.21691382765531061
69450000	0.2203
69550000	0.20945
69650000	0.176
69750000	0.18772
69850000	0.26837
69950000	0.20859
70050000	0.16051
70150000	0.25308
70250000	0.2164
70350000	0.28264
70450000	0.20295
70550000	0.27809
70650000	0.2061
70750000	0.27249
70850000	0.20854
70950000	0.19182
71050000	0.19984
71150000	0.24639
71250000	0.24293
71350000	0.25146
71450000	0.26814
71550000	0.22678
71650000	0.28088
71750000	0.27389
71850000	0.2755
71950000	0.29075
72050000	0.17403
72150000	0.24772
72250000	0.26831
72350000	0.22861
72450000	0.20844
72550000	0.10866
72650000	0.19071
72750000	0.16795
72850000	0.14414
72950000	0.23232
73050000	0.1395
73150000	0.10714
73250000	0.21429
73350000	0.27794
73450000	0.1257
73550000	0.26668
73650000	0.21499
73750000	0.15653
73850000	0.22702
73950000	0.19403
74050000	0.16061
74150000	0.23886
74250000	0.21603
74350000	0.25842
74450000	0.24174
74550000	0.17487
74650000	0.26509
74750000	0.34169
74850000	0.37354
74950000	0.457
75050000	0.29066
75150000	0.19658
75250000	0.2356
75350000	0.21081
75450000	0.30606
75550000	0.2893
75650000	0.32661
75750000	0.28353
75850000	0.2818
75950000	0.34502
76050000	0.25365
76150000	0.38286
76250000	0.42234
76350000	0.3248
76450000	0.19093
76550000	0.30618
76650000	0.22356
76750000	0.25349
76850000	0.24145
76950000	0.25216
77050000	0.28924
77150000	0.32642
77250000	0.24948
77350000	0.21884
77450000	0.30731
77550000	0.24278
77650000	0.24429
77750000	0.26739
77850000	0.24996
77950000	0.21459
78050000	0.17883
78150000	0.30178
78250000	0.22443
78350000	0.31959
78450000	0.22142
78550000	0.24582
78650000	0.2221
78750000	0.16703
78850000	0.22072
78950000	0.21038
79050000	0.25407
79150000	0.16797
79250000	0.21876
79350000	0.19585
79450000	0.25627
79550000	0.14197
79650000	0.20915
79750000	0.15099
79850000	0.17326
79950000	0.1495
80050000	0.11177
80150000	0.23768
80250000	0.10922
80350000	0.2119
80450000	0.20067
80550000	0.26563
80650000	0.24029
80750000	0.28842
80850000	0.29004
80950000	0.24348
81050000	0.19586
81150000	0.18136
81250000	0.20691
81350000	0.32803
81450000	0.44786
81550000	0.28116
81650000	0.24931
81750000	0.27601
81850000	0.29075
81950000	0.2662
82050000	0.28015
82150000	0.25003
82250000	0.27005
82350000	0.29511
82450000	0.27593186372745493
82550000	0.25038
82650000	0.19864
82750000	0.2532
82850000	0.22522
82950000	0.18405
83050000	0.28917
83150000	0.21532
83250000	0.2083066132264529
83350000	0.22199
83450000	0.12467
83550000	0.26208
83650000	0.13276
83750000	0.19135
83850000	0.23769
83950000	0.25485
84050000	0.22443
84150000	0.15839
84250000	0.23594
84350000	0.22691
84450000	0.25071
84550000	0.181
84650000	0.237
84750000	0.18721
84850000	0.29319
84950000	0.20957
85050000	0.31366
85150000	0.2871
85250000	0.2849
85350000	0.31058
85450000	0.2641
85550000	0.21555
85650000	0.19641
85750000	0.24384
85850000	0.32037
85950000	0.26205
86050000	0.25932
86150000	0.27696
86250000	0.25449
86350000	0.19431
86450000	0.23988
86550000	0.18201
86650000	0.22927
86750000	0.21262
86850000	0.26843
86950000	0.19515
87050000	0.26952
87150000	0.26625
87250000	0.22078
87350000	0.19057
87450000	0.23616
87550000	0.26755
87650000	0.24248
87750000	0.30397
87850000	0.20391
87950000	0.31245
88050000	0.23865
88150000	0.12006
88250000	0.1338
88350000	0.14607
88450000	0.08224
88550000	0.11781
88650000	0.06387
88701591	0.0
