scaffold_position	fraction_exonic
50000	0.10642
150000	0.20697
250000	0.20318
350000	0.21309619238476954
450000	0.19796
550000	0.23915
650000	0.23477
750000	0.31467
850000	0.23314
950000	0.23323
1050000	0.15005
1150000	0.25729
1250000	0.23601
1350000	0.35308
1450000	0.26874
1550000	0.23861
1650000	0.3169
1750000	0.23368
1850000	0.27117
1950000	0.2926
2050000	0.18755
2150000	0.009739478957915831
2250000	0.06098
2350000	0.23209
2450000	0.26257
2550000	0.19478
2650000	0.22723
2750000	0.25974
2850000	0.11429
2950000	0.17793
3050000	0.22476
3150000	0.16593
3250000	0.15099
3350000	0.1608
3450000	0.1406
3550000	0.19365
3650000	0.16545
3750000	0.17817
3850000	0.21837
3950000	0.1608
4050000	0.20454
4150000	0.20033
4250000	0.22488
4350000	0.19426
4450000	0.36592
4550000	0.26857
4650000	0.30088
4750000	0.26744
4850000	0.23886
4950000	0.17511
5050000	0.22653
5150000	0.21529
5250000	0.2129
5350000	0.18801
5450000	0.1774
5550000	0.22412
5650000	0.2323
5750000	0.1941
5850000	0.20439
5950000	0.17445
6050000	0.18078
6150000	0.16424
6250000	0.20381
6350000	0.11526
6450000	0.21036
6550000	0.21175
6650000	0.25629
6750000	0.17059
6850000	0.24489
6950000	0.21625
7050000	0.03903
7150000	0.11067
7250000	0.25464
7350000	0.21714
7450000	0.18364
7550000	0.21788
7650000	0.25311
7750000	0.26117
7850000	0.26716
7950000	0.27637
8050000	0.25835
8150000	0.27747
8250000	0.19629
8350000	0.18091
8450000	0.26181
8550000	0.27583
8650000	0.23937
8750000	0.20366
8850000	0.24727
8950000	0.22503
9050000	0.21771
9150000	0.3089
9250000	0.37948
9350000	0.18695
9450000	0.19888
9550000	0.25844
9650000	0.18818
9750000	0.23937
9850000	0.19554
9950000	0.26285
10050000	0.37845
10150000	0.24468
10250000	0.29489
10350000	0.19365
10450000	0.20159
10550000	0.17784
10650000	0.2079
10750000	0.21353
10850000	0.20781
10950000	0.27165
11050000	0.10935
11150000	0.20154
11250000	0.18415
11350000	0.21319
11450000	0.26774
11550000	0.21639
11650000	0.19254
11750000	0.26719
11850000	0.56168
11950000	0.23
12050000	0.20159
12150000	0.2858
12250000	0.23359
12350000	0.24616
12450000	0.29459
12550000	0.34312
12650000	0.3769
12750000	0.33798
12850000	0.35823
12950000	0.31649
13050000	0.2911
13150000	0.40319
13250000	0.38424
13350000	0.32745
13450000	0.3069
13550000	0.29755
13650000	0.25769
13750000	0.27085
13850000	0.20714
13950000	0.24334
14050000	0.27492
14150000	0.2529
14250000	0.18688
14350000	0.20825
14450000	0.14491
14550000	0.18095
14650000	0.18767
14750000	0.11406
14850000	0.18181
14950000	0.1233
15050000	0.25461
15150000	0.25959
15250000	0.26283
15350000	0.2322
15450000	0.19628
15550000	0.25164
15650000	0.17735
15750000	0.21823
15850000	0.17203
15950000	0.2789
16050000	0.24621
16150000	0.2397
16250000	0.20394
16350000	0.11014
16450000	0.30468
16550000	0.18453
16650000	0.20638
16750000	0.24393
16850000	0.29752
16950000	0.27736
17050000	0.23847
17150000	0.16491
17250000	0.22038
17350000	0.18768
17450000	0.29448
17550000	0.29339
17650000	0.22887
17750000	0.13231
17850000	0.23187
17950000	0.2612
18050000	0.24258
18150000	0.18433
18250000	0.25962
18350000	0.2292
18450000	0.21594
18550000	0.26856
18650000	0.26744
18750000	0.27202
18850000	0.21804
18950000	0.2595
19050000	0.19992
19150000	0.30754
19250000	0.20579
19350000	0.18983
19450000	0.2912
19550000	0.27817
19650000	0.21061
19750000	0.23995991983967935
19850000	0.24264
19950000	0.18607
20050000	0.20247
20150000	0.23437
20250000	0.27424
20350000	0.22229
20450000	0.31161
20550000	0.25536
20650000	0.25798
20750000	0.23534
20850000	0.17126
20950000	0.29707
21050000	0.22111
21150000	0.22948
21250000	0.19886
21350000	0.18806
21450000	0.2518
21550000	0.27662
21650000	0.23075
21750000	0.28256
21850000	0.31136
21950000	0.13638
22050000	0.28099
22150000	0.28498
22250000	0.16704
22350000	0.25743
22450000	0.19436
22550000	0.31893
22650000	0.22862
22750000	0.21087
22850000	0.23669
22950000	0.20702
23050000	0.25475
23150000	0.26286
23250000	0.21288
23350000	0.23139
23450000	0.10025
23550000	0.1646192384769539
23650000	0.19607
23750000	0.21783
23850000	0.1763
23950000	0.18754
24050000	0.19823
24150000	0.21398
24250000	0.28715
24350000	0.19961
24450000	0.26733
24550000	0.23224
24650000	0.12521
24750000	0.30946
24850000	0.23928
24950000	0.20144
25050000	0.20956
25150000	0.25844
25250000	0.26505
25350000	0.23454
25450000	0.21709
25550000	0.26957
25650000	0.27499
25750000	0.24631
25850000	0.28971
25950000	0.27107
26050000	0.30884
26150000	0.3126
26250000	0.26246
26350000	0.29846
26450000	0.2105
26550000	0.24438
26650000	0.28802
26750000	0.33003
26850000	0.34013
26950000	0.31144
27050000	0.26059
27150000	0.39425
27250000	0.37122
27350000	0.32824
27450000	0.3731
27550000	0.25133
27650000	0.31607
27750000	0.23559
27850000	0.27408
27950000	0.27349
28050000	0.26595
28150000	0.24969
28250000	0.23496
28350000	0.4221
28450000	0.258785140562249
28550000	0.30085
28650000	0.20002
28750000	0.18215
28850000	0.22936
28950000	0.23624
29050000	0.20726
29150000	0.24896
29250000	0.10894
29350000	0.25448
29450000	0.19605
29550000	0.14799
29650000	0.23394
29750000	0.18414
29850000	0.24549
29950000	0.25632
30050000	0.20568
30150000	0.19674
30250000	0.2599
30350000	0.18158
30450000	0.22041
30550000	0.19278
30650000	0.21941
30750000	0.30517
30850000	0.13449
30950000	0.21657
31050000	0.15156
31150000	0.15472
31250000	0.1731
31350000	0.2264
31450000	0.18185
31550000	0.15739
31650000	0.22765
31750000	0.22598
31850000	0.18019
31950000	0.35159
32050000	0.25096
32150000	0.20439
32250000	0.25953
32350000	0.24771
32450000	0.17737
32550000	0.1286
32650000	0.17838
32750000	0.25615
32850000	0.33701
32950000	0.29714
33050000	0.25756
33150000	0.20398
33250000	0.18225
33350000	0.18852
33450000	0.18618236472945893
33550000	0.2515
33650000	0.24933
33750000	0.20392
33850000	0.23116
33950000	0.26246
34050000	0.27062
34150000	0.27135
34250000	0.26955
34350000	0.26148
34450000	0.18799
34550000	0.24135
34650000	0.25472
34750000	0.30063
34850000	0.26205
34950000	0.25908
35050000	0.22166
35150000	0.19517
35250000	0.21296
35350000	0.21302
35450000	0.22979
35550000	0.18813
35650000	0.22517
35750000	0.25974
35850000	0.24195
35950000	0.26376
36050000	0.24124
36150000	0.21724
36250000	0.24297
36350000	0.23574
36450000	0.32567
36550000	0.23191
36650000	0.25083
36750000	0.23947
36850000	0.24139278557114227
36950000	0.20673
37050000	0.28054
37150000	0.23877
37250000	0.24573
37350000	0.15249
37450000	0.28675
37550000	0.0873
37650000	0.26316
37750000	0.13395
37850000	0.23463
37950000	0.12414
38050000	0.33125
38150000	0.38382
38250000	0.20446
38350000	0.19429
38450000	0.25515
38550000	0.22343
38650000	0.29383
38750000	0.2665
38850000	0.35194
38950000	0.26094
39050000	0.23788
39150000	0.2704
39250000	0.42354
39350000	0.24992
39450000	0.31492
39550000	0.28189
39650000	0.23212
39750000	0.26697
39850000	0.20322
39950000	0.19898
40050000	0.22867
40150000	0.23056
40250000	0.22283
40350000	0.16283
40450000	0.20323
40550000	0.23409
40650000	0.18954
40750000	0.16656
40850000	0.21074
40950000	0.18243
41050000	0.19488
41150000	0.18315
41250000	0.19016
41350000	0.28922
41450000	0.29305
41550000	0.19423
41650000	0.18868
41750000	0.2383
41850000	0.20525
41950000	0.34098
42050000	0.2046
42150000	0.26578
42250000	0.19323
42350000	0.14242
42450000	0.28159
42550000	0.22057
42650000	0.27936
42750000	0.18354
42850000	0.29157
42950000	0.3065230460921844
43050000	0.29488
43150000	0.16298
43250000	0.20255
43350000	0.19731
43450000	0.18342
43550000	0.25941
43650000	0.23859
43750000	0.24466
43850000	0.18404
43950000	0.16758
44050000	0.20063
44150000	0.27604
44250000	0.25306
44350000	0.21198
44450000	0.18615
44550000	0.19218
44650000	0.21747
44750000	0.24815
44850000	0.1992
44950000	0.24472
45050000	0.22205
45150000	0.26865
45250000	0.24478
45350000	0.20415
45450000	0.1537
45550000	0.23703
45650000	0.22983
45750000	0.20058
45850000	0.26381
45950000	0.25600200400801604
46050000	0.24442
46150000	0.31882
46250000	0.20712
46350000	0.21102
46450000	0.26109
46550000	0.26925
46650000	0.1413
46750000	0.18093
46850000	0.15426
46950000	0.32158
47050000	0.3044
47150000	0.27775
47250000	0.24759
47350000	0.26892
47450000	0.19507
47550000	0.31058
47650000	0.40305
47750000	0.29295
47850000	0.36975
47950000	0.33381
48050000	0.34581
48150000	0.40738
48250000	0.31882
48350000	0.38285
48450000	0.26754
48550000	0.30925
48650000	0.24991
48750000	0.27861
48850000	0.32845
48950000	0.3368
49050000	0.32246
49150000	0.3219
49250000	0.16737
49350000	0.29678
49450000	0.24499
49550000	0.22747
49650000	0.27498
49750000	0.19279
49850000	0.15335
49950000	0.20805
50050000	0.29284
50150000	0.16015
50250000	0.11385
50350000	0.20545
50450000	0.16442
50550000	0.21942
50650000	0.23196
50750000	0.22985
50850000	0.24211
50950000	0.1575
51050000	0.17334
51150000	0.19542
51250000	0.23463
51350000	0.20724
51450000	0.18813
51550000	0.24282
51650000	0.21315
51750000	0.20346
51850000	0.29602
51950000	0.18339
52050000	0.19065
52150000	0.22533
52250000	0.16545
52350000	0.23877
52450000	0.15255
52550000	0.23049
52650000	0.32161
52750000	0.19688
52850000	0.31161
52950000	0.21409
53050000	0.23714
53150000	0.29498
53250000	0.3051
53350000	0.22616
53450000	0.26483
53550000	0.2277
53650000	0.26316
53750000	0.25206
53850000	0.31243
53950000	0.2172
54050000	0.28635
54150000	0.19111
54250000	0.2564
54350000	0.12329659318637275
54450000	0.28383
54550000	0.2784
54650000	0.20689
54750000	0.28517
54850000	0.23195
54950000	0.31889
55050000	0.24799
55150000	0.28153
55250000	0.2464
55350000	0.20007
55450000	0.23089
55550000	0.27464
55650000	0.22949
55750000	0.29839
55850000	0.26585
55950000	0.39619
56050000	0.23195
56150000	0.29172
56250000	0.20382
56350000	0.26855
56450000	0.24563
56550000	0.21348
56650000	0.23754
56750000	0.23643
56850000	0.29699
56950000	0.22879
57050000	0.20541
57150000	0.24258
57250000	0.2358
57350000	0.21289
57450000	0.28108
57550000	0.20152
57650000	0.21634
57750000	0.13896
57850000	0.22816
57950000	0.24532
58050000	0.29777
58150000	0.25782
58250000	0.27473
58350000	0.26325
58450000	0.15495
58550000	0.22603
58650000	0.21348
58750000	0.21557
58850000	0.27819
58950000	0.17328
59050000	0.22985
59150000	0.1686
59250000	0.2449
59350000	0.23112
59450000	0.20499
59550000	0.20751
59650000	0.24052
59750000	0.23955
59850000	0.2577
59950000	0.23082
60050000	0.2624
60150000	0.30121
60250000	0.18435
60350000	0.2988
60450000	0.27143
60550000	0.20417835671342685
60650000	0.26142
60750000	0.40432
60850000	0.30963
60950000	0.20044
61050000	0.27794
61150000	0.41746
61250000	0.3412
61350000	0.35759
61450000	0.29524
61550000	0.31145
61650000	0.35102
61750000	0.3816064257028112
61850000	0.26954
61950000	0.21788
62050000	0.24619
62150000	0.25929
62250000	0.30891
62350000	0.36352
62450000	0.27587
62550000	0.19934
62650000	0.19449
62750000	0.26064
62850000	0.20644
62950000	0.28545
63050000	0.15236
63150000	0.28495
63250000	0.27384
63350000	0.19405
63450000	0.17094
63550000	0.23153
63650000	0.16498
63750000	0.17349
63850000	0.18868
63950000	0.31121
64050000	0.1874
64150000	0.17261
64250000	0.31895
64350000	0.20116
64450000	0.15836
64550000	0.27366
64650000	0.23622
64750000	0.18479
64850000	0.24737
64950000	0.27648
65050000	0.21857
65150000	0.23239
65250000	0.22934
65350000	0.25728
65450000	0.23773
65550000	0.17582
65650000	0.21948
65750000	0.30624
65850000	0.26733
65950000	0.28337
66050000	0.22718
66150000	0.28652
66250000	0.25516
66350000	0.23151
66450000	0.26067
66550000	0.23655
66650000	0.25282
66750000	0.18684
66850000	0.21234
66950000	0.21789
67050000	0.24795
67150000	0.24854
67250000	0.17
67350000	0.22046
67450000	0.2585
67550000	0.25962
67650000	0.20571
67750000	0.30934
67850000	0.23536
67950000	0.24956
68050000	0.27455
68150000	0.16387
68250000	0.26084
68350000	0.29072
68450000	0.22846
68550000	0.27412
68650000	0.25767
68750000	0.29915
68850000	0.27612
68950000	0.17817
69050000	0.27656
69150000	0.18769
69250000	0.25454
69350000	0.25352
69450000	0.26057
69550000	0.20145
69650000	0.13525
69750000	0.14442
69850000	0.1767
69950000	0.13985
70050000	0.20312
70150000	0.13116
70250000	0.19877
70350000	0.2814
70450000	0.1448
70550000	0.24942
70650000	0.25681
70750000	0.25653
70850000	0.20062
70950000	0.18165
71050000	0.19118
71150000	0.22417
71250000	0.23072
71350000	0.23775
71450000	0.2286
71550000	0.23957
71650000	0.15816
71750000	0.41103
71850000	0.26456
71950000	0.39445
72050000	0.5271
72150000	0.23583
72250000	0.20966
72350000	0.19758
72450000	0.28808
72550000	0.27273
72650000	0.36288
72750000	0.22352
72850000	0.26827
72950000	0.14439
73050000	0.34833
73150000	0.28581
73250000	0.35608
73350000	0.32931
73450000	0.31143
73550000	0.27961
73650000	0.29569
73750000	0.22662
73850000	0.26187
73950000	0.251
74050000	0.26678
74150000	0.33609
74250000	0.25376
74350000	0.21026
74450000	0.31042
74550000	0.26065
74650000	0.21958
74750000	0.26041
74850000	0.27461
74950000	0.22705
75050000	0.26943
75150000	0.1908
75250000	0.26443
75350000	0.27781
75450000	0.26052
75550000	0.21502
75650000	0.21391
75750000	0.25468
75850000	0.1997
75950000	0.24453
76050000	0.15252
76150000	0.18593
76250000	0.21864
76350000	0.17395
76450000	0.16502
76550000	0.17253
76650000	0.19941
76750000	0.14802
76850000	0.17209
76950000	0.25317
77050000	0.16787
77150000	0.2437
77250000	0.30404
77350000	0.19659
77450000	0.32721
77550000	0.25308
77650000	0.22696
77750000	0.20095
77850000	0.18545
77950000	0.32397
78050000	0.43001
78150000	0.2526
78250000	0.23898
78350000	0.28936
78450000	0.25408
78550000	0.29641
78650000	0.1775
78750000	0.26595
78850000	0.27442
78950000	0.22616
79050000	0.31518
79150000	0.24129
79250000	0.17602
79350000	0.21737
79450000	0.28611
79550000	0.1692
79650000	0.31252
79750000	0.20139
79850000	0.28521
79950000	0.2113
80050000	0.24042
80150000	0.24379
80250000	0.24702
80350000	0.22383
80450000	0.18606
80550000	0.18803
80650000	0.15352
80750000	0.12073
80850000	0.25815
80950000	0.21858
81050000	0.23146
81150000	0.14458
81250000	0.223
81350000	0.3031
81450000	0.2656
81550000	0.23059
81650000	0.17201
81750000	0.28808
81850000	0.18799
81950000	0.30528
82050000	0.28105
82150000	0.28578
82250000	0.2631
82350000	0.32884
82450000	0.22686
82550000	0.19197
82650000	0.234
82750000	0.28179
82850000	0.35805
82950000	0.22297
83050000	0.26576
83150000	0.20769
83250000	0.21166
83350000	0.22388
83450000	0.23129
83550000	0.2722
83650000	0.14847
83750000	0.26634
83850000	0.28976
83950000	0.19501
84050000	0.22353
84150000	0.25698
84250000	0.25354
84350000	0.29052
84450000	0.28131
84550000	0.2184
84650000	0.35047
84750000	0.22374
84850000	0.15637
84950000	0.11634
85050000	0.11454
85101575	0.0
